# generation best_length mean_best_half
0 435.8168339436 491.9776167075
1 425.2171185744 475.5526124471
2 416.1238406192 460.1425515871
3 402.3322778111 447.4870944646
4 397.3466805246 435.0600035168
5 379.9210700273 424.8063373668
6 360.3682670372 413.8176120463
7 357.6272497405 400.8017610488
8 353.5971762641 391.0256376740
9 350.3058559542 381.0468582970
10 349.6195634010 371.4660177038
11 337.5136731631 365.1335303543
12 337.5136731631 359.4059849685
13 328.1241957079 352.6255216732
14 325.5240948608 346.0334191180
15 320.4275013422 339.5798874934
16 316.3805384164 333.5959636200
17 309.6688782862 328.4422685032
18 303.0648138983 324.5613708679
19 297.9117618359 319.7924419678
20 289.5200431176 314.6720270566
21 287.3070360923 309.8380201522
22 278.9153173740 305.4773465153
23 278.9153173740 299.4425854843
24 276.0394417920 294.5838051343
25 270.6951735645 289.2032095006
26 260.6848282744 285.2882811328
27 258.6961465791 281.8135296938
28 253.8808425756 277.0222268409
29 249.2178547615 270.7084227594
30 246.9229970333 264.1681869954
31 245.1055170540 259.7246654923
32 239.6266919902 256.5564707813
33 239.0632482942 253.5513102613
34 234.7781434969 250.8974038474
35 228.7420416405 248.0909676396
36 227.2329855282 244.9206646831
37 225.9102391039 242.9060332128
38 223.2412020952 238.9239960585
39 221.6816515551 235.0193035039
40 220.3759660768 232.5582290426
41 219.0156935841 230.4131554177
42 213.2379749953 227.7938980820
43 209.9729384597 226.5182137296
44 209.2156012048 224.1616887088
45 208.0854736642 221.2001029690
46 207.3281364093 219.0877674411
47 206.7923528934 216.2675408398
48 205.6004425517 215.0583474414
49 204.0854988620 213.4239682948
50 202.3345238377 212.2468644300
51 201.0246034025 211.0290498727
52 198.5153451964 209.5748377500
53 197.0004015067 207.8919580287
54 196.1610328450 206.9095164005
55 196.1610328450 206.1594074610
56 193.2258051317 204.8013396965
57 191.3842445549 203.5914490622
58 189.8693008652 201.9647112884
59 188.1920062026 201.1025551951
60 187.2184645613 198.5835797295
61 185.2502654553 196.3033781237
62 184.5271725935 195.6733581958
63 182.9820652024 193.6158602470
64 182.9268155684 191.9518245717
65 178.7028060511 190.3084219593
66 177.1066745142 189.1926496717
67 176.3641477136 188.7594496781
68 176.0323071263 187.8231908129
69 175.1388337451 186.3738426110
70 173.6389198389 185.7834744771
71 173.6389198389 184.1819938029
72 171.9694290495 183.0256280077
73 171.9694290495 182.0124757046
74 171.3280333372 181.0305844280
75 169.8124492799 179.7003051398
76 165.1821353015 178.4164343913
77 165.1821353015 177.8329134204
78 163.5016362945 176.4072025452
79 162.7113257108 173.8508294021
80 161.3338507391 171.9580753430
81 158.9181554883 170.4022956398
82 156.8877751998 168.8459055562
83 156.8877751998 166.8180119499
84 155.7824638386 165.7012845842
85 155.7824638386 163.9424159655
86 155.5040990772 162.4772192935
87 155.3518693609 161.4811035660
88 153.3969015042 159.7796899165
89 153.3969015042 159.4472499387
90 152.0541668206 158.9073181874
91 150.1725676596 157.6172333905
92 150.1725676596 157.3135481062
93 149.0959867019 156.9041834667
94 149.0959867019 155.5675926971
95 148.5527814176 154.6831586010
96 147.0854733850 153.7654079498
97 146.5390249908 152.9386599931
98 146.1114627307 152.0682199703
99 146.1114627307 151.4899732197
100 141.3140580960 150.9990850032
101 140.8706673765 150.4687246586
102 140.2508130096 149.5266601032
103 138.2903042681 147.8727456174
104 137.7735075759 147.2560699392
105 137.4567525810 145.5198009575
106 136.7147378377 144.2136993256
107 136.7147378377 142.1363221310
108 136.3944071473 142.1359683175
109 136.3944071473 141.4093417856
110 136.2505587196 140.9795740089
111 135.3024677132 139.8448341714
112 135.3024677132 140.0327935761
113 134.1810966252 139.6875703233
114 134.1435601796 139.0514050439
115 134.1435601796 138.5408517257
116 132.9341189419 138.2124045785
117 132.4755423897 137.4901684811
118 131.8655088467 136.7318940902
119 130.6332099562 135.3492787593
120 129.5537513781 134.9724738725
121 129.4497565787 134.4626801222
122 127.8031389066 133.3679763129
123 126.5978456020 133.6237010102
124 126.5978456020 133.8463365808
125 126.5978456020 134.6218620999
126 126.5701213420 134.6925077899
127 125.5316345541 135.3508596735
128 124.7351826510 135.1623848268
129 124.7351826510 133.9084541924
130 123.8692033570 134.4541801224
131 123.8692033570 133.1128013060
132 123.2096399104 132.0339391967
133 123.1863851235 131.3656283208
134 122.7662037257 129.8906337631
135 121.7166274268 129.6568770965
136 121.3606837113 128.6976907698
137 121.0033327441 127.2602213812
138 119.5971264669 126.0109998689
139 119.4544520068 125.3992606709
140 119.2984156116 124.4791768065
141 117.8356200917 123.6658579497
142 117.8356200917 123.1719081020
143 117.8356200917 122.4804328017
144 114.5656190319 122.1983639334
145 114.5656190319 122.1356846615
146 114.5656190319 122.6451561801
147 114.1868933566 122.1737763475
148 114.1868933566 122.6656180706
149 114.1868933566 123.1753524664
150 113.5077343315 123.8927891855
151 113.2274554362 123.1588330314
152 112.8811147008 121.5554287341
153 111.9216767805 120.6346171405
154 111.9216767805 120.0186400070
155 111.2263230610 118.4182715371
156 111.2263230610 117.8161448998
157 111.1855642376 116.8566332826
158 110.8475629519 116.7655753263
159 110.2096134829 115.7950367392
160 109.5479536684 115.1666189260
161 109.5479536684 115.2480643143
162 109.5479536684 114.1548671443
163 108.9857421808 113.6139609305
164 108.6069820718 114.3047564239
165 108.0472330548 113.3105317804
166 108.0472330548 112.5741441705
167 107.6396528879 112.0742693767
168 106.7652594780 111.7283193139
169 105.8267503519 111.8677110892
170 105.8267503519 111.8039907287
171 105.8267503519 111.3761225736
172 104.7982869401 111.6302353210
173 104.7982869401 111.0912621989
174 104.6517311469 110.1598100634
175 104.6517311469 109.9062934514
176 104.2455251606 109.0437419418
177 104.0989693675 108.9193692638
178 103.8534816694 108.7627068220
179 102.9786469688 108.7781661281
180 102.9786469688 109.3472352143
181 102.9786469688 109.4464161528
182 102.9786469688 109.7212082242
183 102.9786469688 109.1582821891
184 101.6950054488 109.0417467634
185 101.6950054488 107.9779300317
186 101.2499141228 106.9669713163
187 100.9301269262 106.0815055192
188 99.0552068539 105.5992340385
189 99.0552068539 105.2447215771
190 98.2903283313 105.3506615634
191 98.2903283313 105.5919122503
192 98.2903283313 106.1124612772
193 97.9735444033 105.9291669716
194 97.9735444033 105.5003450872
195 97.9735444033 104.8195214843
196 97.7532001950 103.7887267868
197 97.7532001950 102.6410969615
198 97.6970055682 101.7511236245
199 97.3802216402 101.0650556670
200 96.3744951146 100.4874981958
201 96.2712307587 99.8446870851
202 95.6602472939 99.8796582545
203 95.4399030857 99.8067181600
204 95.4399030857 99.3704389637
205 95.0992438810 99.5581447289
206 95.0317071766 99.9150654656
207 94.7296135442 99.2364621421
208 94.3889543395 99.3228276549
209 94.3889543395 99.1408441962
210 94.3628618506 98.7632860729
211 93.8132583527 98.3668494507
212 93.8132583527 98.3829567912
213 93.5615085142 97.7690338731
214 92.9858125274 97.6687132029
215 92.9858125274 97.7779777601
216 92.7592371230 97.2824206875
217 92.7592371230 96.2716832823
218 92.7592371230 95.7804905917
219 92.7592371230 95.2567100924
220 92.7592371230 95.3933699958
221 92.7592371230 95.9702202201
222 92.3933958382 96.4248758478
223 92.3933958382 95.9929980698
224 92.1311361347 95.2270675104
225 91.7652948500 95.0284978572
226 91.7652948500 94.8887696055
227 91.7652948500 95.6817205550
228 89.9437020431 95.2120798478
229 89.9437020431 95.4610916773
230 89.1880829249 96.0735079246
231 88.8277497046 96.1981093804
232 88.8277497046 97.4178286630
233 88.1505345235 97.0369336389
234 88.1347810106 95.7162486796
235 87.4575658295 95.5107633235
236 87.1047932598 93.8524267564
237 86.4275780787 92.1537128613
238 85.8097535403 90.9747700109
239 85.8097535403 90.3990705958
240 85.8097535403 90.1461721068
241 85.8097535403 90.2030237787
242 85.8097535403 89.5576015687
243 84.7703953593 88.8918476238
244 84.7703953593 88.2394240895
245 84.1286996325 88.6656821122
246 84.1286996325 88.3405018520
247 84.1286996325 87.6933453901
248 82.7942853326 87.3239165640
249 82.7942853326 87.8872788767
250 82.6841551715 87.9735399133
251 82.6359021165 88.6637678242
252 82.6359021165 89.8425027240
253 82.6359021165 90.9760939369
254 82.6359021165 92.2168333940
255 82.6359021165 92.5704470439
256 82.6359021165 92.3398190892
257 82.6359021165 91.7593873126
258 82.6359021165 90.6746011092
259 82.6359021165 90.7682590690
260 82.1700348143 90.3628115542
261 82.1700348143 88.5758789823
262 82.1700348143 88.2986598816
263 82.1700348143 87.2522457631
264 81.6947202573 86.4930450748
265 81.3116246434 86.4676776761
266 81.3116246434 86.1493671859
267 81.3116246434 85.5202105592
268 81.2457558643 85.3163417455
269 81.2457558643 85.6398850846
270 81.2457558643 85.6645120587
271 81.2457558643 84.6393195345
272 81.2457558643 83.7232602987
273 81.2457558643 84.3697700596
274 81.1993705573 84.3805729405
275 80.9445776815 83.8766559935
276 80.9445776815 83.3503731790
277 80.9445776815 83.5639021262
278 80.9445776815 83.8193713560
279 80.8981923745 83.5215868025
280 80.2700913862 83.6707778989
281 80.2700913862 83.2073138212
282 80.1191567023 83.1498457683
283 80.1191567023 82.9930769545
284 80.1191567023 82.9672622378
285 79.6986111305 83.0059654086
286 79.6986111305 83.0909692331
287 79.6191262925 83.2963476875
288 79.6191262925 82.9914345664
289 79.6191262925 82.3765406373
290 79.2300888346 82.6493924954
291 79.2300888346 82.3294668000
292 79.0780250872 82.5632545388
293 79.0780250872 82.4022407546
294 79.0780250872 81.9519803526
295 79.0780250872 82.2585202962
296 79.0780250872 82.8295815058
297 79.0780250872 82.1838372596
298 79.0280583891 82.1569951125
299 79.0280583891 81.6386441565
300 78.5565505073 81.9923571859
301 78.5565505073 82.2086025251
302 78.2513488315 82.2735483133
303 78.2513488315 82.5412226168
304 78.2513488315 82.1781104087
305 78.2513488315 81.9687620277
306 78.2513488315 81.1769957772
307 78.2513488315 81.2172264233
308 78.2513488315 81.3654904388
309 78.2513488315 81.2482095834
310 78.2513488315 80.9723317030
311 78.2513488315 81.8896550441
312 78.0921804441 81.0628165868
313 78.0796081985 80.6390937028
314 77.9777805333 81.1018536924
315 77.5546214825 80.8706515559
316 77.5546214825 81.1457622443
317 77.4402215717 81.3677688021
318 77.4402215717 80.4486215066
319 77.4402215717 80.5724687184
320 77.4012445252 80.1224862643
321 76.0019268332 80.2703047311
322 76.0019268332 81.2563231343
323 76.0019268332 81.6224611409
324 76.0019268332 82.6848319494
325 76.0019268332 84.6749425768
326 76.0019268332 85.0692646104
327 76.0019268332 85.3924883778
328 76.0019268332 87.7581259643
329 76.0019268332 87.7851502282
330 76.0019268332 85.8390481422
331 76.0019268332 83.4441008231
332 76.0019268332 81.5631784567
333 76.0019268332 80.7655769036
334 76.0019268332 80.4378432080
335 75.9113656413 80.2598224528
336 75.9113656413 79.4407458172
337 75.3074203928 79.5476691239
338 75.3074203928 79.2332154158
339 75.2168592009 79.7710069625
340 75.2168592009 79.1335374826
341 75.2168592009 79.1513520649
342 75.2168592009 78.7285984705
343 75.2168592009 78.7908265770
344 75.2168592009 78.4692441854
345 75.2168592009 78.1927435550
346 75.2168592009 77.9928958757
347 74.9538990884 77.8086927767
348 74.9538990884 77.9804118667
349 74.9538990884 78.3746761403
350 74.9538990884 78.3393522589
351 74.9538990884 78.2223792361
352 74.9538990884 77.6487619984
353 74.5255963787 77.7615281638
354 74.5255963787 77.7485290170
355 74.5255963787 77.7742990009
356 74.5255963787 77.5918902160
357 74.5255963787 77.8893653486
358 74.5255963787 77.4504735648
359 74.5255963787 76.4709084149
360 74.5255963787 76.7708559711
361 74.5255963787 77.0146234478
362 74.5255963787 77.2736742403
363 74.5255963787 77.3685921335
364 74.5255963787 77.2191264355
365 74.0689136991 77.2416415832
366 74.0689136991 77.7859154126
367 74.0689136991 79.0349803374
368 74.0689136991 81.2040101345
369 74.0689136991 82.1747076498
370 74.0689136991 83.2550610750
371 74.0689136991 83.8364533652
372 74.0689136991 84.5839911951
373 74.0689136991 84.6111281415
374 74.0689136991 84.5683548637
375 73.8711182451 81.6700068782
376 73.8711182451 81.0941562991
377 73.8711182451 80.5486013428
378 73.8711182451 80.5046215631
379 73.5585542412 79.1854648512
380 73.5585542412 78.0763242162
381 73.5585542412 77.3250423136
382 73.5585542412 77.6401026246
383 73.5585542412 76.9881880527
384 73.5585542412 76.3078312189
385 73.5585542412 76.3689967510
386 73.4672620454 76.4809196187
387 73.4672620454 76.5957960953
388 73.4672620454 76.2291359605
389 73.4672620454 75.6020810411
390 73.2488849688 76.4671267316
391 73.2488849688 76.2984550080
392 73.2488849688 75.8358109246
393 73.2488849688 75.9147682903
394 73.2488849688 76.0885764737
395 73.2488849688 76.2788592791
396 73.2488849688 76.5836254799
397 73.2488849688 76.4644973540
398 73.2488849688 75.9588926784
399 73.2488849688 76.4579663087
400 73.2488849688 76.2121377073
401 72.9282341033 76.0192825469
402 72.9282341033 76.5297536017
403 72.6326501224 76.4423472296
404 72.6326501224 76.9088729886
405 72.6326501224 76.2535344407
406 72.6326501224 76.7170346837
407 72.6326501224 76.0090434654
408 72.6326501224 76.0114230984
409 71.9230204207 75.7670290630
410 71.9230204207 75.3412234952
411 71.9230204207 75.6787277651
412 71.9230204207 75.2868989550
413 71.9230204207 75.0124788207
414 71.9230204207 75.3339236481
415 71.9230204207 75.7466885625
416 71.7782183131 75.8625679704
417 71.7782183131 75.3534084583
418 71.7782183131 74.9870345458
419 71.7782183131 75.0000521673
420 71.7782183131 75.1155264788
421 71.7782183131 74.4660307458
422 71.7782183131 74.0906792506
423 71.7782183131 75.0015395049
424 71.7782183131 74.8761455836
425 71.7782183131 74.8896021240
426 71.7782183131 74.4276988576
427 71.7782183131 75.0549558387
428 71.7782183131 75.4008253430
429 71.7782183131 75.0447225955
430 71.3301278559 74.6447169467
431 71.3301278559 74.7632747632
432 71.3301278559 74.3844823054
433 71.3301278559 73.8646264878
434 71.3301278559 74.0173888326
435 71.3301278559 74.4490195910
436 71.3301278559 74.1894644181
437 71.0109663349 73.8826095654
438 71.0109663349 73.6715732299
439 71.0109663349 73.6873773437
440 71.0109663349 74.2121324433
441 71.0109663349 73.8923395418
442 71.0109663349 74.1899544632
443 71.0109663349 74.4326175901
444 71.0109663349 74.6889222147
445 71.0109663349 74.2015880328
446 71.0109663349 73.8529018333
447 71.0109663349 74.6037588678
448 71.0109663349 74.2001901848
449 71.0109663349 74.2900213785
450 71.0109663349 73.9649212908
451 71.0109663349 73.8193198752
452 71.0109663349 73.4210038192
453 71.0109663349 73.7991881288
454 71.0109663349 73.2991941687
455 71.0109663349 73.8240242146
456 71.0109663349 74.0927581305
457 71.0109663349 74.1328814898
458 71.0109663349 73.4395817700
459 71.0109663349 73.5914959294
460 71.0109663349 73.1954840197
461 71.0109663349 73.1626073667
462 71.0109663349 73.4503726483
463 71.0109663349 73.7183222903
464 71.0109663349 73.8413797824
465 71.0109663349 73.4284374816
466 71.0109663349 73.2689544648
467 71.0109663349 73.6968980747
468 70.6894505710 73.8921153668
469 70.6894505710 73.7345264780
470 70.6894505710 73.6154361870
471 70.6894505710 74.0952321350
472 70.6894505710 74.0088826141
473 70.6894505710 73.8398846706
474 70.6894505710 73.3301710608
475 70.6894505710 73.5680226881
476 70.6894505710 73.3870446076
477 70.6894505710 73.2997067057
478 70.6894505710 74.1597916031
479 70.6894505710 74.7169444491
480 70.6894505710 74.4085692000
481 70.6894505710 74.0934861999
482 70.6894505710 73.3775700190
483 70.6894505710 73.7204937877
484 70.6894505710 73.2150522906
485 70.6725318901 73.1565869319
486 70.6725318901 72.7895326035
487 70.4685661665 72.9384521653
488 70.2880880169 72.7788488771
489 70.2711693360 73.2091253948
490 70.2711693360 73.3658548941
491 70.2711693360 73.6865455701
492 70.2711693360 73.5693849869
493 70.2711693360 73.6002190248
494 70.2711693360 73.2369455871
495 70.2711693360 73.6230532468
496 70.2711693360 73.3714749533
497 70.2711693360 73.3323085315
498 69.8491524576 73.7099039048
499 69.8491524576 73.2063071368
500 69.6327660092 74.0167490406
501 69.6327660092 73.2857805396
502 69.6327660092 72.9812880716
503 69.6327660092 72.3344080986
504 69.6327660092 72.7635177849
505 69.6327660092 72.6530142511
506 69.6327660092 72.4332158972
507 69.6327660092 72.2661836311
508 69.6327660092 71.9865503105
509 69.6327660092 71.8071061420
510 69.6327660092 72.3138414891
511 69.6327660092 72.2984394743
512 69.6327660092 72.4908910956
513 69.6327660092 73.0596841901
514 69.6327660092 73.4984697946
515 69.6327660092 72.9953409070
516 69.6327660092 73.3734397940
517 69.6327660092 72.8434173356
518 69.6327660092 72.7669495349
519 69.6327660092 72.4411040894
520 69.6327660092 72.5112721596
521 69.6327660092 72.5838075966
522 69.6327660092 71.9754682439
523 69.6327660092 71.3534834958
524 69.5869423945 71.7559377270
525 69.5869423945 71.8463780366
526 69.5869423945 72.2139925311
527 69.5869423945 72.3516974672
528 69.5869423945 72.2239694795
529 69.5869423945 72.0557192923
530 69.5869423945 71.8826859789
531 69.5869423945 71.4735340523
532 69.5869423945 71.9056903673
533 69.5869423945 72.0786673651
534 69.5869423945 71.4025661351
535 69.5869423945 71.7385778894
536 69.5869423945 72.2758040836
537 69.5869423945 72.9571732452
538 69.5869423945 73.0502508216
539 69.5869423945 73.3411446858
540 69.5869423945 73.1680387605
541 69.5869423945 72.2740190057
542 69.5869423945 72.4007817035
543 69.5869423945 72.6706964911
544 69.5869423945 72.1331977815
545 69.5869423945 72.7000429606
546 69.5869423945 72.1496907054
547 69.5869423945 72.0111109895
548 69.5869423945 72.2812843291
549 69.5869423945 72.6572317485
550 69.5869423945 73.3228118856
551 69.5869423945 72.9198078045
552 69.5869423945 72.3741789392
553 69.5869423945 73.0960847776
554 69.5869423945 72.6102027211
555 69.5869423945 72.9770750584
556 69.5869423945 72.2174034756
557 69.5869423945 72.0900080260
558 69.5869423945 71.7137572607
559 69.5869423945 72.8607795349
560 69.5869423945 73.1073426144
561 69.5869423945 72.9041252573
562 69.5869423945 72.6861771875
563 69.5869423945 73.0030769486
564 69.2530808732 72.7892742402
565 69.2530808732 72.4740323722
566 69.2530808732 72.3057661405
567 69.2530808732 72.9198633710
568 69.2530808732 72.8397608219
569 69.2530808732 72.4194184527
570 69.2530808732 72.5399740306
571 69.2530808732 72.5971415842
572 69.2530808732 72.5701491155
573 69.2530808732 72.6459530107
574 69.2530808732 72.3198392799
575 69.2530808732 71.9270913642
576 69.2530808732 72.2588242395
577 69.2530808732 72.4734603028
578 69.2530808732 72.7506492624
579 69.2530808732 73.0323792442
580 69.2530808732 72.5156704835
581 69.2530808732 72.3223211395
582 69.2530808732 72.3395901026
583 69.2530808732 72.0014559170
584 69.2530808732 72.3754392700
585 69.2530808732 72.0299721289
586 69.2530808732 71.5954192751
587 69.2530808732 71.6473594144
588 69.2530808732 71.3000672197
589 69.2530808732 70.9516650648
590 69.2530808732 71.5273206364
591 69.2530808732 71.6549078147
592 69.2530808732 71.4585171773
593 69.2530808732 71.7872912430
594 69.2530808732 72.0895094920
595 69.2530808732 72.1170988459
596 69.2530808732 73.0991053561
597 69.2530808732 72.9071938160
598 69.2530808732 72.8623126887
599 69.2530808732 72.6086772561
600 69.2530808732 72.7248372899
601 69.2530808732 73.3497952752
602 69.2530808732 73.1802628357
603 68.6950509312 73.7618774169
604 68.6950509312 72.7432961738
605 68.6950509312 72.4038961527
606 68.6950509312 72.6097513465
607 68.6950509312 72.9216368264
608 68.6950509312 72.0026559491
609 68.6950509312 72.1607465817
610 68.6950509312 72.0735131997
611 68.6950509312 71.7229359162
612 68.6950509312 71.6413752412
613 68.6950509312 72.0981376051
614 68.6950509312 71.8202707391
615 68.6950509312 71.8862877951
616 68.6950509312 71.6246704368
617 68.6950509312 71.4211221915
618 68.6950509312 71.3208347766
619 68.6950509312 71.3828224995
620 68.6950509312 71.5104740912
621 68.6950509312 71.0082490338
622 68.6950509312 71.4206239911
623 68.6950509312 71.4502530280
624 68.6950509312 71.0899373063
625 68.6950509312 71.8654971094
626 68.6950509312 71.4807542856
627 68.6950509312 71.2016960707
628 68.6950509312 71.1012738776
629 68.6950509312 71.3976780866
630 68.6950509312 71.6318203449
631 68.6950509312 71.6689693775
632 68.6950509312 71.7281039172
633 68.6950509312 71.8989248305
634 68.6950509312 71.8631425206
635 68.6950509312 71.9375888677
636 68.6950509312 71.6936448172
637 68.6950509312 71.7149729422
638 68.6950509312 72.0412060492
639 68.6950509312 71.7179614361
640 68.6950509312 71.7861909781
641 68.6950509312 71.9334610576
642 68.6950509312 71.8338352089
643 68.6950509312 72.1128989565
644 68.6950509312 71.9219591661
645 68.6950509312 71.5836790861
646 68.6950509312 71.3922508629
647 68.6950509312 71.4995401421
648 68.6950509312 71.4111421185
649 68.6950509312 71.3035250230
650 68.6950509312 71.4608067851
651 68.6950509312 71.4521585859
652 68.6950509312 72.2536828859
653 68.6950509312 72.2276350255
654 68.6950509312 72.4773947325
655 68.6950509312 72.0878778713
656 68.6950509312 71.8636105559
657 68.6950509312 71.9643535119
658 68.6950509312 71.8400938682
659 68.6950509312 72.1265618632
660 68.6950509312 71.8412911490
661 68.6950509312 71.9645431812
662 68.6950509312 71.9574493383
663 68.6950509312 72.2567221391
664 68.6950509312 72.2059949709
665 68.6950509312 72.0241207298
666 68.6950509312 71.6708011010
667 68.6950509312 72.0740799149
668 68.6950509312 71.6214146343
669 68.6950509312 71.5778826683
670 68.6950509312 71.7688700306
671 68.6950509312 71.6852829432
672 68.6950509312 71.9340545414
673 68.6950509312 71.5466373276
674 68.6950509312 72.0163007477
675 68.6950509312 71.8687403732
676 68.6950509312 72.7640463834
677 68.6950509312 71.1750304732
678 68.6950509312 71.6992552028
679 68.6950509312 71.9573081726
680 68.6950509312 71.8342866251
681 68.6950509312 71.8756471994
682 68.6950509312 72.0004733576
683 68.6950509312 71.6342248788
684 68.6950509312 71.6824175377
685 68.6950509312 71.9337186972
686 68.6950509312 71.1129003569
687 68.6950509312 71.7334701352
688 68.6950509312 71.6364314000
689 68.6950509312 72.2654965341
690 68.6950509312 71.8559772976
691 68.6950509312 72.7803307118
692 68.6950509312 71.9917757137
693 68.6950509312 71.4489797914
694 68.6950509312 71.2595367234
695 68.6950509312 71.4491263158
696 68.6950509312 70.7606065903
697 68.6950509312 71.0010710871
698 68.6950509312 71.5387395852
699 68.6950509312 71.1629258276
700 68.6950509312 71.3562415405
701 68.6950509312 71.9504257803
702 68.6950509312 71.6411425241
703 68.6950509312 70.9453287468
704 68.6950509312 71.7403263207
705 68.6950509312 71.2106026985
706 68.6950509312 71.5306302256
707 68.6950509312 71.5788201895
708 68.6950509312 71.0000474321
709 68.6950509312 72.0225715055
710 68.6950509312 72.4796456985
711 68.6950509312 71.4735251647
712 68.4721239594 71.1995007156
713 68.4721239594 71.2768667010
714 68.4721239594 71.2150881634
715 68.4721239594 71.3933999078
716 68.4721239594 71.1536805803
717 68.4721239594 71.2972839184
718 68.3985319734 71.2999585230
719 68.3985319734 71.3141538328
720 68.3985319734 70.9815699746
721 68.3985319734 71.2967527855
722 68.3985319734 71.3005313916
723 68.3985319734 71.1894926157
724 68.3985319734 70.8878957349
725 68.3985319734 72.0506717562
726 68.3985319734 71.9707294788
727 68.3985319734 71.8699890371
728 68.3985319734 71.7025116600
729 68.3985319734 71.3752304050
730 68.3985319734 70.7958974433
731 68.3985319734 70.8902723122
732 68.3985319734 71.1444647639
733 68.3985319734 71.4097649132
734 68.3985319734 71.1778501176
735 68.3985319734 71.1945179819
736 68.3985319734 71.3495979575
737 68.3985319734 70.9211539839
738 68.3985319734 71.3069566577
739 68.3896391718 71.4584934892
740 68.3896391718 71.3554249228
741 68.3896391718 71.2028712097
742 68.3896391718 70.9250164921
743 68.3896391718 71.1365216221
744 68.3896391718 70.5767676216
745 68.3896391718 70.4113618158
746 68.3896391718 70.5779649780
747 68.3896391718 70.8282321665
748 68.3896391718 71.6678512765
749 68.3896391718 71.4766184677
750 68.3896391718 71.4535370588
751 68.3896391718 71.8297637742
752 68.3896391718 70.8384627925
753 68.3896391718 70.5891714200
754 68.3896391718 70.4143086245
755 68.3896391718 70.5237698559
756 68.3896391718 71.3341613945
757 68.3896391718 71.4647292151
758 68.3896391718 71.3484522336
759 68.3007488092 71.6339382108
760 68.3007488092 72.1273772965
761 68.3007488092 72.4006089308
762 68.3007488092 72.5640078177
763 68.3007488092 72.2045783599
764 68.3007488092 72.0136716795
765 68.3007488092 72.3214189489
766 68.3007488092 71.9325781017
767 68.3007488092 71.5313452988
768 68.3007488092 71.8108491480
769 68.3007488092 71.3970471467
770 68.3007488092 70.7814936994
771 68.3007488092 70.6224012174
772 68.3007488092 70.8463645366
773 68.3007488092 70.8007174632
774 68.3007488092 71.0169260867
775 68.3007488092 70.9246433232
776 68.3007488092 70.6523705329
777 68.3007488092 71.1905018642
778 68.3007488092 71.5671012514
779 68.3007488092 71.0228539039
780 68.3007488092 71.0605038629
781 68.3007488092 70.5503619588
782 68.3007488092 70.5336847413
783 68.3007488092 70.8299617252
784 68.3007488092 70.8540241660
785 68.3007488092 71.2545019456
786 68.3007488092 71.4229477740
787 68.3007488092 71.0153509585
788 68.3007488092 71.2987115694
789 68.3007488092 70.9838642346
790 68.3007488092 70.4620767177
791 68.3007488092 70.3189476992
792 68.3007488092 70.7724024808
793 68.3007488092 71.5537478338
794 68.3007488092 70.9780200842
795 68.3007488092 71.4036868892
796 68.3007488092 71.2120442289
797 68.3007488092 71.3750857252
798 68.3007488092 71.4431197404
799 68.3007488092 70.8413606700
800 68.3007488092 71.2004732156
801 68.3007488092 70.9399371016
802 68.3007488092 70.9956603480
803 68.3007488092 70.9916166335
804 68.3007488092 71.3518637882
805 68.3007488092 71.3895916110
806 68.3007488092 71.4404351632
807 68.3007488092 71.6043341928
808 68.3007488092 71.3324954611
809 68.3007488092 71.5764944809
810 68.3007488092 71.5766130922
811 68.3007488092 71.2250708641
812 68.3007488092 71.5155900395
813 68.3007488092 71.4552734050
814 68.3007488092 71.1521740513
815 68.3007488092 71.4104864859
816 68.2954998241 71.3177835797
817 68.2954998241 71.2031940627
818 68.2954998241 71.4732349808
819 68.2954998241 71.7570843883
820 68.2954998241 71.5064760238
821 68.2954998241 71.6567346094
822 68.2954998241 71.9262147790
823 68.2954998241 71.6834150567
824 68.2954998241 71.0554439201
825 68.2954998241 70.3747515467
826 68.2954998241 71.0209245749
827 68.2954998241 71.2239647309
828 68.2954998241 71.5311735474
829 68.2954998241 72.4219785754
830 68.2954998241 71.7180631610
831 68.2954998241 72.0302570406
832 68.2954998241 71.4930248798
833 68.2954998241 71.3221617312
834 68.2954998241 71.5616763153
835 68.2954998241 72.0649694085
836 68.2954998241 71.9693888818
837 68.2954998241 71.7627208611
838 68.2954998241 71.8025980481
839 68.2954998241 70.9952309905
840 68.2954998241 71.1169337017
841 68.2954998241 71.7869958834
842 68.2954998241 71.1858848250
843 68.2954998241 71.5443970315
844 68.2954998241 70.5274582523
845 68.2954998241 70.3350368261
846 68.2954998241 71.0665537076
847 68.2954998241 71.3024335349
848 68.2954998241 70.7725345428
849 68.2954998241 71.2285429366
850 68.2954998241 71.4976271876
851 68.2954998241 71.7779510230
852 68.2954998241 71.5334731669
853 68.2954998241 71.1511289139
854 68.2954998241 71.5197836592
855 68.2954998241 72.0251805206
856 68.2954998241 71.4858857645
857 68.2954998241 71.9028630728
858 68.2954998241 71.5017075440
859 68.2954998241 71.1443514526
860 68.2954998241 71.7560824337
861 68.2954998241 71.9260781867
862 68.2954998241 71.8059292572
863 68.2954998241 71.0693889669
864 68.2954998241 70.8597059289
865 68.2954998241 70.3604317915
866 68.0171350626 70.9161912609
867 68.0171350626 71.0111982683
868 68.0171350626 71.5546226236
869 68.0171350626 71.3496666183
870 68.0171350626 72.0619680250
871 68.0171350626 71.8753221911
872 68.0171350626 71.6433697855
873 68.0171350626 71.2675232436
874 68.0171350626 71.3352811482
875 68.0171350626 70.4846253843
876 68.0171350626 70.7572290863
877 68.0171350626 71.8732458344
878 68.0171350626 72.5421624465
879 68.0171350626 71.5772017572
880 68.0171350626 71.0698965514
881 68.0171350626 70.9205192713
882 68.0171350626 70.9845530746
883 68.0171350626 70.6763776974
884 68.0171350626 70.2598141576
885 68.0171350626 70.5202926728
886 68.0171350626 70.8220997277
887 68.0171350626 70.0926124562
888 68.0171350626 70.2090283378
889 68.0171350626 70.3785425523
890 68.0171350626 70.8881548574
891 68.0171350626 70.6339451201
892 68.0171350626 70.5195644816
893 68.0171350626 70.9410756306
894 68.0171350626 71.1361005026
895 68.0171350626 70.3813147378
896 68.0171350626 70.5752916515
897 68.0171350626 70.4405571116
898 68.0171350626 70.9143243809
899 68.0171350626 71.1609164599
900 68.0171350626 71.3654221208
901 68.0171350626 71.2943659440
902 68.0171350626 70.5723092087
903 68.0171350626 70.8113325380
904 68.0171350626 71.5107107669
905 68.0171350626 71.3798249943
906 68.0171350626 71.3555183098
907 68.0171350626 71.0906903930
908 68.0171350626 70.5472990202
909 68.0171350626 70.6799537319
910 68.0171350626 70.8763796346
911 68.0171350626 71.0625106449
912 68.0171350626 70.8300157703
913 68.0171350626 70.2707247571
914 68.0171350626 70.4837128928
915 68.0171350626 70.4741659746
916 68.0171350626 71.1165056237
917 68.0171350626 70.7952139002
918 68.0171350626 71.1137676968
919 68.0171350626 70.9056970494
920 68.0171350626 70.8773182603
921 68.0171350626 70.9837037613
922 68.0171350626 71.1145789101
923 68.0171350626 70.7409772347
924 68.0171350626 70.3387242194
925 68.0171350626 70.0497962841
926 68.0171350626 70.1771653666
927 68.0171350626 70.2437680026
928 68.0171350626 70.4650557676
929 68.0171350626 70.7901147946
930 68.0171350626 70.9024298799
931 68.0171350626 70.5579904035
932 68.0171350626 70.9709277670
933 68.0171350626 71.0447929567
934 68.0171350626 71.1834680663
935 68.0171350626 70.9204818388
936 68.0171350626 70.8992232593
937 68.0171350626 70.5553057415
938 68.0171350626 70.6800281584
939 68.0171350626 70.6313872240
940 68.0171350626 70.7429195653
941 68.0171350626 70.7170070677
942 68.0171350626 71.1028532662
943 68.0171350626 71.0977526769
944 68.0171350626 70.7595706806
945 68.0171350626 70.9148124039
946 68.0171350626 70.9623779562
947 68.0171350626 71.3640723547
948 68.0171350626 70.7608879229
949 68.0171350626 70.6332594248
950 68.0171350626 70.7612277234
951 68.0171350626 71.3393005663
952 68.0171350626 71.0275565028
953 68.0171350626 71.1618199469
954 68.0171350626 70.8109753324
955 68.0171350626 70.6825313867
956 68.0171350626 70.9868367474
957 68.0171350626 70.6768150893
958 68.0171350626 70.7746471487
959 68.0171350626 71.0657600926
960 68.0171350626 71.5079806510
961 68.0171350626 71.8997754038
962 68.0171350626 71.2542084899
963 68.0171350626 71.9815024041
964 68.0171350626 71.6883827657
965 68.0171350626 71.5819345485
966 68.0171350626 71.1692838863
967 68.0171350626 70.4741200893
968 68.0171350626 70.9022348120
969 68.0171350626 71.0910303978
970 68.0171350626 70.9113726915
971 68.0171350626 70.6058563044
972 68.0171350626 71.9446632402
973 68.0171350626 71.4839612679
974 68.0171350626 71.1279594220
975 68.0171350626 71.3249862899
976 68.0171350626 70.7561349420
977 68.0171350626 70.4543904353
978 68.0171350626 70.3750105416
979 68.0171350626 70.4728840747
980 68.0171350626 71.5614533023
981 68.0171350626 71.1987232324
982 68.0171350626 71.6603321048
983 68.0171350626 71.8496861569
984 68.0171350626 72.0908688420
985 68.0171350626 71.2040589591
986 68.0171350626 70.9184164532
987 68.0171350626 70.8903013435
988 68.0171350626 70.7278283650
989 68.0171350626 70.6923407435
990 68.0171350626 70.3193405734
991 68.0171350626 70.7930968090
992 68.0171350626 70.3032516770
993 68.0171350626 70.9692369065
994 68.0171350626 71.1895835858
995 68.0171350626 70.8372053138
996 68.0171350626 70.8596935571
997 68.0171350626 70.8451686915
998 68.0171350626 70.8548240258
999 68.0171350626 71.1324196081
1000 68.0171350626 71.1618334650
