# generation best_length mean_best_half
0 435.8168339436 491.9776167075
1 425.2171185744 475.5526124471
2 416.1238406192 460.1425515871
3 402.3322778111 447.4870944646
4 397.3466805246 435.0600035168
5 379.9210700273 424.8063373668
6 360.3682670372 413.8176120463
7 357.6272497405 400.8017610488
8 353.5971762641 391.0256376740
9 350.3058559542 381.0468582970
10 349.6195634010 371.4660177038
11 337.5136731631 365.1335303543
12 337.5136731631 359.4059849685
13 328.1241957079 352.6255216732
14 325.5240948608 346.0334191180
15 320.4275013422 339.5798874934
16 316.3805384164 333.5959636200
17 309.6688782862 328.4422685032
18 303.0648138983 324.5613708679
19 297.9117618359 319.7924419678
20 289.5200431176 314.6720270566
21 287.3070360923 309.8380201522
22 278.9153173740 305.4773465153
23 278.9153173740 299.4425854843
24 276.0394417920 294.5838051343
25 270.6951735645 289.2032095006
26 260.6848282744 285.2882811328
27 258.6961465791 281.8135296938
28 253.8808425756 277.0222268409
29 249.2178547615 270.7084227594
30 246.9229970333 264.1681869954
31 245.1055170540 259.7246654923
32 239.6266919902 256.5564707813
33 239.0632482942 253.5513102613
34 234.7781434969 250.8974038474
35 228.7420416405 248.0909676396
36 227.2329855282 244.9206646831
37 225.9102391039 242.9060332128
38 223.2412020952 238.9239960585
39 221.6816515551 235.0193035039
40 220.3759660768 232.5582290426
41 219.0156935841 230.4131554177
42 213.2379749953 227.7938980820
43 209.9729384597 226.5182137296
44 209.2156012048 224.1616887088
45 208.0854736642 221.2001029690
46 207.3281364093 219.0877674411
47 206.7923528934 216.2675408398
48 205.6004425517 215.0583474414
49 204.0854988620 213.4239682948
50 187.0854403056 212.1794894650
51 187.0854403056 210.7296171045
52 187.0854403056 209.9276345096
53 186.2209075215 209.5107398511
54 186.2209075215 209.1867493833
55 181.9653422417 208.2219231286
56 181.9653422417 205.3758140238
57 181.9653422417 200.5471983824
58 174.8418078661 195.7881253877
59 174.8418078661 192.6796272739
60 173.1612133772 188.1268830164
61 170.6986148578 184.4889141811
62 170.5719710328 182.6945382946
63 167.0538536325 178.6943069833
64 164.5482024087 176.3253375538
65 163.6750952939 174.3244712097
66 162.5073311017 172.0289370831
67 161.3615334346 170.9611482885
68 161.3615334346 170.1881542713
69 156.8575057971 168.4251324359
70 153.3393710245 167.3228726987
71 153.3393710245 165.1403738458
72 152.6314712140 162.7271378566
73 152.4510961313 161.2044739419
74 151.3052306136 160.5461337641
75 151.2862502595 159.7603314188
76 150.7468346006 159.0434855273
77 149.3896695753 158.8896200716
78 149.3896695753 158.1491330554
79 148.3126837162 156.9455474913
80 147.2086940647 156.3738359348
81 146.6788700391 156.0087577347
82 145.5855675955 155.5726834941
83 145.5855675955 154.7165674690
84 144.2725056019 154.7710169486
85 142.8149806442 154.0030674439
86 142.6493791326 152.8616466774
87 142.5152572028 152.4017777046
88 141.1918541749 150.8616860718
89 140.0286243360 149.9428223503
90 139.4259905031 148.3758746431
91 138.0792142779 146.7925419241
92 135.8043930331 145.7647026296
93 135.5519876247 144.6146595019
94 134.0840256926 143.5336602472
95 133.8177836327 141.9839060796
96 133.0789346563 140.8626551732
97 132.3308753812 140.0133670394
98 131.7893431512 139.4305509305
99 130.3625924272 139.2810050407
100 130.3625924272 138.6530047663
101 129.7230639848 138.8026390177
102 129.7230639848 138.0864668088
103 128.7421585663 137.8128967159
104 128.7421585663 137.7755588862
105 128.7421585663 136.8539745719
106 128.4559307521 136.6946532675
107 128.4559307521 135.1942900357
108 127.3621731438 135.5313568257
109 127.3621731438 135.6978759538
110 127.3621731438 135.3885467702
111 126.1387362986 134.1630322747
112 124.2766971749 134.0354019938
113 124.2766971749 132.8947720376
114 124.0906564060 132.9079095593
115 124.0906564060 133.3464363640
116 123.3032095217 133.2595630619
117 123.3032095217 132.8825399577
118 121.9875314868 131.8961690653
119 121.9875314868 130.0725124350
120 121.7745490328 129.3751614223
121 121.6737494514 128.6568685991
122 120.6692076985 127.0240234930
123 120.6692076985 126.6499155286
124 120.6513476900 126.6291538580
125 119.5996593214 126.2698647835
126 119.5996593214 125.1183703036
127 118.7205437965 124.8527834147
128 118.0629131850 124.4482868335
129 117.9350376582 123.3050634967
130 117.7102879804 123.6692071815
131 116.8588152540 123.0848636322
132 116.8588152540 123.0052652643
133 115.4049656909 122.7346215178
134 114.8636857072 121.8751278771
135 114.8636857072 121.8462765541
136 114.3590103662 121.1914232810
137 114.3054247582 120.0977102863
138 114.0547254739 119.4837395108
139 113.6366106318 119.2452194944
140 113.4082590838 119.1133030140
141 113.4082590838 119.0407010251
142 112.7789093242 119.9029534200
143 112.7476216075 120.1612078543
144 111.4876437366 119.9915698915
145 111.4876437366 120.0246589836
146 110.5751890923 120.4243212366
147 110.5751890923 118.5595725719
148 110.5751890923 117.7322273117
149 110.3908995052 116.6456502693
150 102.3832001638 116.7705360912
151 102.3832001638 116.1249166819
152 102.3832001638 115.3271796171
153 102.3832001638 115.4777570401
154 102.0212413543 115.1455461833
155 102.0212413543 113.3112372556
156 102.0212413543 111.8147216549
157 101.8077578899 110.0125481348
158 101.3625303346 108.9373091967
159 100.7870880607 107.1485562930
160 100.3353676541 106.2391218579
161 99.7599253802 105.5474423316
162 99.5630350878 104.7979047329
163 98.9875928139 104.1094368966
164 98.6547035921 104.9840480573
165 98.6547035921 103.7264142948
166 97.8823710258 102.7281769051
167 97.8823710258 102.2682062923
168 97.3355592256 101.9162930250
169 97.3177524148 101.7368214814
170 97.3177524148 101.5329971806
171 97.2623558088 101.0957115769
172 97.2203668179 101.5573950851
173 96.6987721788 101.2112577847
174 96.6987721788 100.7387144259
175 96.3193443819 100.8666728595
176 95.9909786665 100.8899572256
177 95.9909786665 100.8382840344
178 95.9489896756 100.7115325065
179 95.2128232035 100.5606321908
180 95.2128232035 100.9377002541
181 94.7244806227 101.5124377057
182 94.7244806227 102.5481388503
183 94.7244806227 103.2730803043
184 94.7244806227 104.9866462235
185 94.5710509415 105.4675698125
186 94.5710509415 105.0194870089
187 94.5710509415 105.2901956535
188 94.5710509415 103.7129506044
189 94.5710509415 102.3195652315
190 94.5710509415 101.1204393541
191 94.4438784758 100.4506711922
192 94.3011478936 99.9248880336
193 94.3011478936 99.3682765306
194 93.5715191983 98.6191373292
195 93.5447298094 98.4140844307
196 92.4488443264 97.6190141887
197 92.4488443264 97.1162744064
198 92.1280459101 96.5805331230
199 92.1280459101 96.1410608374
200 91.1224882784 95.6505953503
201 90.8016898621 95.4036592132
202 89.9145816381 95.4657916368
203 89.5937832218 95.2696287264
204 89.5937832218 94.5114710948
205 89.5937832218 94.6071059641
206 89.2143459588 94.8628942082
207 89.0099348320 94.5504326273
208 87.9008688736 94.4916825623
209 87.9008688736 94.1643903657
210 87.9008688736 93.7684002172
211 87.9008688736 93.4927406400
212 87.9008688736 92.9517895668
213 87.5961640936 92.3910944430
214 87.5703846041 92.1043216561
215 87.0646183479 92.4197226910
216 87.0646183479 92.4493190018
217 87.0646183479 91.9989060075
218 87.0646183479 92.2047695476
219 87.0646183479 91.8195270808
220 86.8306751795 91.1751846110
221 86.3562706392 91.3307836711
222 86.3562706392 91.7534420691
223 85.8852523949 91.3790443002
224 85.6513092266 91.3621460394
225 85.6513092266 90.7797475667
226 84.8176177859 90.7840951092
227 84.8176177859 90.9787098999
228 84.8176177859 89.8733724802
229 84.7050047784 89.3883154134
230 83.9729537118 89.9928742781
231 83.9729537118 89.8881440131
232 83.9729537118 91.7465380044
233 83.4630212576 93.1003566286
234 83.4630212576 93.4825525691
235 83.4630212576 95.0185721803
236 83.4630212576 93.8283665389
237 83.4630212576 91.4978198575
238 83.4630212576 89.4000563562
239 83.4630212576 88.6484632988
240 83.4630212576 88.4838629543
241 83.4630212576 88.3718601346
242 83.4630212576 87.3880522734
243 83.4630212576 86.6647379417
244 83.4630212576 86.2811954108
245 83.4630212576 86.6535284828
246 83.4630212576 86.4656202052
247 83.1088144741 86.0878242855
248 83.1088144741 86.1084064057
249 83.1088144741 86.4840524693
250 83.1088144741 85.8937136653
251 82.8392445551 85.6138225831
252 82.8392445551 85.5998263275
253 82.3593071012 86.3245873970
254 81.9934658164 86.3774942371
255 81.9934658164 86.1058110257
256 81.9934658164 86.0219507400
257 81.7838648273 85.8989478052
258 81.4180235425 85.0603843373
259 81.4180235425 85.8856790635
260 80.3870250684 86.1559131083
261 80.3870250684 86.0557305394
262 80.3870250684 87.1971294473
263 80.3870250684 87.8468781365
264 80.3870250684 88.3527092603
265 80.3870250684 89.6309030073
266 80.3870250684 91.4785765481
267 80.3870250684 92.0043992203
268 80.3870250684 91.2650694333
269 80.3870250684 91.4283184673
270 80.3870250684 90.4360120257
271 79.4877583405 88.1447533666
272 79.4877583405 85.2410659890
273 79.4877583405 85.2568582318
274 79.4877583405 84.6182482853
275 79.4877583405 83.4898381118
276 79.4877583405 82.7286238046
277 79.3542159648 82.7576150174
278 79.1637372901 82.6146898121
279 78.8289303180 82.3903506468
280 78.8289303180 82.5479293576
281 78.5049092677 81.9234291574
282 78.2275079478 81.5811881462
283 78.2275079478 81.4475651136
284 78.2275079478 81.6236843785
285 78.2275079478 81.3870960334
286 78.2275079478 81.4105750089
287 78.2275079478 81.5248820796
288 77.6520656739 81.1840827932
289 77.6520656739 80.7605120780
290 77.6520656739 80.9862073131
291 77.5189764535 80.3881279103
292 77.5189764535 80.6922349254
293 77.5189764535 80.7717922770
294 77.5189764535 80.4420415160
295 77.3503698715 80.5944790110
296 77.3503698715 80.7542891528
297 77.0638555675 80.5473126019
298 76.8952489855 80.5739649656
299 76.8089508284 80.2343232746
300 73.3672075912 80.3509115956
301 73.3672075912 80.7505043322
302 73.3672075912 81.3665583686
303 73.3672075912 82.8120886897
304 73.3672075912 83.7097458127
305 73.3672075912 84.8531089769
306 73.3672075912 85.0086137063
307 73.3672075912 84.2859953874
308 73.3672075912 83.9687055786
309 73.3672075912 82.2358669467
310 73.3672075912 80.5749349756
311 73.3672075912 81.0394852530
312 73.2383138421 78.9140235213
313 73.0121501859 77.8092596380
314 72.9652284497 78.1544844956
315 72.9652284497 78.4341338844
316 72.9652284497 80.1795756758
317 72.8832564368 81.4746599977
318 72.7326702954 81.1224284891
319 72.7326702954 81.5381113804
320 72.7326702954 81.5727624499
321 72.7326702954 82.5802137391
322 72.2487191409 83.8239351820
323 72.2487191409 83.7747996011
324 72.2487191409 84.0110734753
325 72.2487191409 84.6683055948
326 70.7124869459 83.9888911692
327 70.7124869459 82.2677924292
328 70.7124869459 82.9195708598
329 70.3902886528 81.9274577974
330 70.2193007199 79.6229726836
331 70.2193007199 77.2377463773
332 70.2193007199 75.4567014028
333 70.1761367600 74.3876278726
334 69.8539384668 74.2661059291
335 69.8539384668 74.5210367273
336 69.8539384668 73.8045755533
337 69.8539384668 73.8973473147
338 69.8539384668 73.3668525225
339 69.8539384668 73.8932277672
340 69.8539384668 73.4016945288
341 69.8539384668 73.2916277462
342 69.6742546118 73.1409605196
343 69.6742546118 73.3305633139
344 69.6742546118 73.2338141287
345 69.6742546118 72.9364459801
346 69.6742546118 72.6603227915
347 69.6742546118 72.4223618071
348 69.6742546118 72.6040075651
349 69.6742546118 73.0626912757
350 69.0928386424 73.0189061403
351 69.0928386424 73.0307297594
352 68.9025616450 72.4822712086
353 68.2512248306 73.0632773960
354 68.2512248306 73.3724998211
355 68.2512248306 73.6102523107
356 68.2512248306 73.9578691493
357 68.2512248306 74.4041827578
358 68.2512248306 73.5001377450
359 68.2512248306 72.5828393168
360 68.0778741622 72.6149805931
361 68.0778741622 72.2937904820
362 67.8712719789 72.2305626246
363 67.8712719789 72.5823531027
364 67.8712719789 72.1342795911
365 67.8712719789 72.1496906402
366 67.8712719789 72.0012948285
367 67.8712719789 71.9329075173
368 67.8712719789 71.9378597726
369 67.8712719789 71.2369506828
370 67.8712719789 71.3184563752
371 67.8422105509 70.7962350790
372 67.8422105509 70.8272952638
373 67.8422105509 71.2178636612
374 67.8422105509 72.1484495300
375 67.8422105509 71.1724860414
376 67.8422105509 71.5526556957
377 67.8422105509 71.6754944243
378 67.8422105509 71.8461643402
379 67.8422105509 71.3858936608
380 67.8422105509 70.9428044966
381 67.8422105509 70.6880340206
382 67.8422105509 71.1480819249
383 67.8422105509 70.7571549705
384 67.8422105509 70.4223196984
385 67.8422105509 70.7152258596
386 67.8422105509 70.9240196656
387 67.8422105509 71.0685311931
388 67.8422105509 70.7359788193
389 67.8422105509 69.8252999410
390 67.8422105509 70.7339431931
391 67.8422105509 70.7099787458
392 67.8422105509 70.4942951078
393 67.8422105509 70.6219974761
394 67.8422105509 70.8371015977
395 67.8422105509 71.0906268319
396 67.8422105509 71.1500119511
397 67.8422105509 71.0148499894
398 67.8422105509 70.5586200286
399 67.8422105509 70.9119531936
400 67.8422105509 70.8089167770
401 67.8422105509 70.6031539816
402 67.8422105509 71.0782613684
403 67.8422105509 71.1968759646
404 67.8422105509 71.8224256618
405 67.8422105509 71.4231418594
406 67.8422105509 71.6919226803
407 67.8422105509 71.2931062530
408 67.8422105509 71.0916446000
409 67.8422105509 71.2048560072
410 67.8422105509 70.6667164068
411 67.8422105509 70.9505127889
412 67.8422105509 70.7242081486
413 67.8422105509 70.7845928582
414 67.8422105509 71.1545745102
415 67.8422105509 71.5751242190
416 67.8422105509 71.4290493923
417 67.8422105509 70.9827946685
418 67.8422105509 70.7707409020
419 67.8422105509 70.7631236989
420 67.8422105509 70.8406204835
421 67.8422105509 70.5436570471
422 67.8422105509 70.2026624442
423 67.8422105509 71.0138843703
424 67.8422105509 70.9835850491
425 67.8422105509 71.0148708837
426 67.8422105509 70.6431221233
427 67.8422105509 71.1798098727
428 67.8422105509 71.4282121867
429 67.8422105509 71.2141550380
430 67.8422105509 71.0135346097
431 67.8422105509 71.2634266551
432 67.8422105509 70.7143096020
433 67.8422105509 70.3419952518
434 67.8422105509 70.7691609634
435 67.8422105509 71.0082225858
436 67.8422105509 70.8117597313
437 67.8422105509 70.7426799363
438 67.8422105509 70.4282176382
439 67.8422105509 70.6145321357
440 67.8422105509 71.1016188711
441 67.8422105509 70.7271201393
442 67.8422105509 70.8171562166
443 67.8422105509 71.2301722453
444 67.8422105509 71.2719750722
445 67.8422105509 70.9953617667
446 67.8422105509 70.7367279805
447 67.8422105509 71.3753270501
448 67.8422105509 71.2163839935
449 67.8422105509 71.3919755447
450 67.2003344492 70.8091714241
451 67.2003344492 70.9988838107
452 67.2003344492 71.4392626099
453 67.2003344492 73.8006763715
454 67.2003344492 74.6944397698
455 67.2003344492 76.8543320728
456 67.2003344492 77.7388936454
457 67.2003344492 77.5031213387
458 67.2003344492 76.3717773107
459 67.0849573999 75.1451101986
460 67.0849573999 73.8034427925
461 67.0849573999 72.3926176790
462 67.0849573999 71.9704374155
463 67.0849573999 71.7599738271
464 67.0849573999 71.6846659878
465 67.0849573999 70.9735587606
466 67.0849573999 70.6007622484
467 67.0849573999 70.6177176966
468 67.0849573999 70.8470821245
469 67.0849573999 70.6432664244
470 67.0849573999 70.4442128440
471 67.0849573999 70.7543477377
472 67.0849573999 70.4163604803
473 67.0849573999 70.5751314950
474 67.0849573999 69.9322389545
475 67.0849573999 70.0153530240
476 67.0849573999 69.9985421345
477 67.0849573999 70.2036465869
478 67.0849573999 71.3701152914
479 67.0849573999 71.6478288022
480 67.0849573999 71.0906631090
481 67.0849573999 70.5638584518
482 67.0849573999 70.0004751260
483 67.0849573999 70.3195431150
484 67.0849573999 69.8606390109
485 67.0849573999 70.0098335925
486 66.4672105699 69.3810788132
487 66.4672105699 69.6159213086
488 66.4672105699 69.4648486013
489 66.4672105699 69.8988237217
490 66.3909412444 70.4666263072
491 66.3909412444 70.6674416717
492 66.3909412444 70.4759625453
493 66.3909412444 70.3000438204
494 66.3909412444 70.2831936896
495 66.3909412444 70.3440193734
496 66.3909412444 69.7960136890
497 66.3909412444 69.9243367546
498 66.3489522535 70.1104594053
499 66.3489522535 69.6312352007
500 66.3296700377 70.3473109423
501 66.2788884691 69.8954183536
502 66.1413479369 69.6943519075
503 66.1413479369 69.7101329278
504 66.1413479369 70.0341983969
505 66.1413479369 69.9793278681
506 66.1413479369 69.6174127176
507 66.1413479369 69.3012462953
508 66.1413479369 69.1364557167
509 66.1413479369 69.1664268729
510 66.1413479369 69.0330389775
511 66.1413479369 68.6347195075
512 66.1413479369 68.8723469504
513 66.1413479369 69.7290131160
514 66.1413479369 70.1016692391
515 66.1413479369 69.6637467051
516 66.1413479369 70.0870122474
517 66.1413479369 69.5197183741
518 66.1413479369 69.4243995358
519 66.1413479369 69.1688505066
520 66.1413479369 69.5008254334
521 66.1413479369 69.5468740957
522 66.1413479369 68.7060137122
523 66.1413479369 67.9570358980
524 66.1413479369 68.3141891869
525 66.1413479369 68.3903940976
526 66.1413479369 68.9431356500
527 66.1413479369 69.1527892906
528 66.1413479369 69.0913467088
529 66.1413479369 68.9324485443
530 66.1413479369 68.7192558168
531 65.9995263796 68.5217489309
532 65.9995263796 69.1201148420
533 65.9995263796 69.3465704193
534 65.9995263796 68.6273963550
535 65.9995263796 69.1060080457
536 65.9995263796 69.7921944407
537 65.9995263796 70.3850422873
538 65.9995263796 70.2718837844
539 65.9995263796 70.1294436583
540 65.9995263796 70.1024368525
541 65.9995263796 68.9003328089
542 65.9995263796 69.3078502463
543 65.9995263796 69.5258908874
544 65.9995263796 68.8771050155
545 65.9995263796 69.4690941586
546 65.9995263796 68.9825805562
547 65.9995263796 68.9180418120
548 65.9995263796 69.0804748765
549 65.9995263796 69.5874108185
550 65.7680188644 70.5165393914
551 65.7680188644 70.3204742967
552 65.7680188644 69.9009677586
553 65.7680188644 71.9744341349
554 65.7680188644 72.8508628207
555 65.7680188644 73.8965081694
556 65.7680188644 75.1441093897
557 65.7680188644 76.2005730469
558 65.7680188644 75.9222176286
559 65.7680188644 76.7226372555
560 65.7680188644 76.1452589530
561 65.7062873059 74.5027425096
562 65.7062873059 72.8281580398
563 65.7062873059 72.3738485504
564 65.7062873059 71.4075452714
565 65.7062873059 70.2800771204
566 65.7062873059 69.6871151017
567 65.7062873059 69.9906430191
568 65.7062873059 69.5999777935
569 65.7062873059 69.1201579081
570 65.7062873059 69.1875744864
571 65.7062873059 69.5029594512
572 65.7062873059 69.6841976178
573 65.7062873059 69.4394800093
574 65.7062873059 69.1904742214
575 65.7062873059 68.4674971080
576 65.7062873059 69.0818550073
577 65.7062873059 69.2303372679
578 65.7062873059 69.6506161086
579 65.7062873059 69.7982371549
580 65.7062873059 69.1795304472
581 65.7062873059 69.0133802958
582 65.7062873059 69.0904284307
583 65.7062873059 68.8952842474
584 65.7062873059 69.1543947995
585 65.7062873059 68.7299370550
586 65.7062873059 67.9579562882
587 65.7062873059 67.9145477293
588 65.7062873059 67.8420530027
589 65.7062873059 67.4466869850
590 65.7062873059 68.0731916202
591 65.7062873059 68.2179269590
592 65.5560057022 68.0628427123
593 65.5560057022 68.4005349706
594 65.5560057022 68.8379177628
595 65.5560057022 69.0372020402
596 65.5560057022 69.8938382684
597 65.5560057022 69.3293127453
598 65.5560057022 69.4134809476
599 65.5560057022 69.1946154683
600 65.5560057022 69.1882340316
601 65.5560057022 69.7827327625
602 65.5560057022 69.3783871765
603 65.5560057022 69.9921821892
604 65.5560057022 69.0144175891
605 65.5560057022 68.8141829359
606 65.5560057022 69.1882326688
607 65.5560057022 69.5093179602
608 65.5560057022 68.7865337108
609 65.5560057022 69.1555008370
610 65.5560057022 68.7845585830
611 65.5560057022 68.2572556946
612 65.5560057022 68.2156784087
613 65.5560057022 68.9850389709
614 65.5560057022 68.9561191989
615 65.5560057022 69.0840539955
616 65.5560057022 68.3624984506
617 65.5560057022 68.1753711004
618 65.5560057022 68.1631264303
619 65.5560057022 68.4260646261
620 65.5560057022 68.4589234876
621 65.5560057022 68.0903489269
622 65.5560057022 68.1712889085
623 65.5560057022 68.3629164042
624 65.5560057022 68.1066667749
625 65.5560057022 68.9297265967
626 65.5560057022 68.5356331075
627 65.5560057022 68.3472427887
628 65.5560057022 67.9859492579
629 65.5560057022 68.3445303938
630 65.5560057022 68.4699257172
631 65.5560057022 68.4822913677
632 65.5560057022 68.4613765169
633 65.5560057022 68.7985166448
634 65.5560057022 68.8919413358
635 65.5560057022 68.8865983783
636 65.5560057022 68.8620915083
637 65.5560057022 68.6741381502
638 65.5560057022 68.8300747363
639 65.5560057022 68.4964299983
640 65.5560057022 68.7436765347
641 65.5560057022 68.8398232521
642 65.5560057022 68.4993214261
643 65.5560057022 68.6865510613
644 65.5560057022 68.6127125970
645 65.5560057022 68.5747520172
646 65.5560057022 68.2899329072
647 65.5560057022 68.3275409414
648 65.5560057022 68.2149280919
649 65.5560057022 68.2672328469
650 65.5560057022 68.5663743202
651 65.5560057022 68.6246129209
652 65.5560057022 69.6373725244
653 65.5560057022 69.4396075151
654 65.5560057022 69.7245628816
655 65.5560057022 69.0673106614
656 65.5560057022 68.7762536063
657 65.5560057022 68.8130502425
658 65.5560057022 68.8517715827
659 65.5560057022 69.1271452596
660 65.5560057022 68.8756915606
661 65.5560057022 68.9666996495
662 65.5560057022 68.7948089261
663 65.5560057022 69.1709431124
664 65.5560057022 69.1107297211
665 65.5560057022 68.7598067011
666 65.5560057022 68.4035964746
667 65.5560057022 68.7569931706
668 65.5560057022 68.4932367555
669 65.5560057022 68.6707835785
670 65.5560057022 69.0711023501
671 65.5560057022 68.9566621219
672 65.5560057022 68.9815263418
673 65.5560057022 68.4029283160
674 65.5560057022 68.9662783395
675 65.5560057022 69.2042668702
676 65.5560057022 70.0135564094
677 65.5560057022 68.3181367819
678 65.5560057022 68.5849022894
679 65.5560057022 68.8554953239
680 65.5560057022 68.8574757180
681 65.5560057022 68.9883370057
682 65.5560057022 68.8344101470
683 65.5560057022 68.7970477462
684 65.5560057022 69.2451416237
685 65.5560057022 69.2116701034
686 65.5560057022 68.2875683588
687 65.5560057022 69.0349270820
688 65.5560057022 68.4508919559
689 65.5560057022 68.9715371291
690 65.5560057022 68.3666769747
691 65.5560057022 69.1987769457
692 65.5560057022 68.8138539104
693 65.5560057022 68.3812813150
694 65.5560057022 68.3875806276
695 65.5560057022 68.7065589489
696 65.5560057022 67.8584032208
697 65.5560057022 68.1548125053
698 65.5560057022 68.5274767575
699 65.5560057022 68.1928977124
700 65.2416666597 68.4927180519
701 65.2416666597 69.4238984551
702 65.2416666597 69.0631035582
703 65.2416666597 68.2959087652
704 65.2416666597 68.9080984761
705 65.2416666597 68.1468285998
706 65.2416666597 68.3090183570
707 65.2416666597 68.3286334722
708 65.2416666597 68.0178030584
709 65.2416666597 68.8820257781
710 65.2416666597 69.2098116493
711 65.2416666597 68.1097864276
712 65.2416666597 67.8466872349
713 65.2416666597 67.9474727243
714 65.2416666597 67.8382666606
715 65.2416666597 68.0226640756
716 65.2416666597 67.8975459979
717 65.2416666597 67.9701831502
718 65.2416666597 68.1729115991
719 65.2416666597 68.1203138835
720 65.2416666597 67.8629298744
721 65.2416666597 68.1537723461
722 65.2416666597 68.1766208951
723 65.2416666597 68.0843271917
724 65.2416666597 67.9525882480
725 65.2416666597 68.9786754639
726 65.2416666597 69.1538523123
727 65.2416666597 68.9615880825
728 65.2416666597 68.7307707049
729 65.2416666597 68.5138603231
730 65.2416666597 67.9088229042
731 65.2416666597 67.8593331111
732 65.2416666597 67.9226488883
733 65.2416666597 68.4208549004
734 65.2416666597 68.3627106630
735 65.2416666597 68.5679152321
736 65.2416666597 68.7905672256
737 65.2416666597 68.3196723058
738 65.2416666597 68.6892425733
739 65.2416666597 68.9145239949
740 65.2416666597 68.6460265060
741 65.2416666597 68.3657240530
742 65.2416666597 68.1124358983
743 65.2416666597 67.9708438795
744 65.2416666597 67.5474948501
745 65.2416666597 67.2579686040
746 65.2416666597 67.5132200797
747 65.2416666597 67.9455741956
748 65.2416666597 68.7573857443
749 65.2416666597 68.4496474515
750 65.2416666597 68.1629210274
751 65.2416666597 68.8138011054
752 65.2416666597 67.9439941405
753 65.2416666597 67.7609953972
754 65.2416666597 67.6017950914
755 65.2416666597 67.7099454181
756 65.2416666597 68.5150097727
757 65.2416666597 68.6852549318
758 65.2416666597 68.3896624369
759 65.2416666597 68.6109050257
760 65.2416666597 68.8548940199
761 65.2416666597 69.1435648487
762 65.2416666597 69.1547611601
763 65.2416666597 68.5940600999
764 65.2416666597 68.6512833500
765 65.2416666597 68.9243078501
766 65.2416666597 68.6768101762
767 65.2416666597 68.7430231516
768 65.2416666597 69.1303419923
769 65.2416666597 68.4088548133
770 65.2416666597 67.9080406366
771 65.2416666597 67.7223391012
772 65.2416666597 67.7187107144
773 65.2416666597 67.7108037904
774 65.2416666597 67.8854950653
775 65.2416666597 67.8062360522
776 65.2416666597 68.0794248965
777 65.2416666597 68.3746856341
778 65.2416666597 68.7479783909
779 65.2416666597 68.4632940236
780 65.2416666597 68.1529322902
781 65.2416666597 67.7371412177
782 65.2416666597 67.6802983365
783 65.2416666597 67.8354010271
784 65.2416666597 67.8012557333
785 65.2416666597 68.3888232572
786 65.2416666597 68.5386651718
787 65.2416666597 68.0147081104
788 65.2416666597 68.3639024508
789 65.2416666597 67.9048083707
790 65.2416666597 67.2953462997
791 65.2416666597 66.9968513769
792 65.2416666597 67.9401061846
793 65.2416666597 68.6672667760
794 65.2416666597 68.1499051303
795 65.2416666597 68.3538158438
796 65.2416666597 68.3247538963
797 65.2416666597 68.5219636450
798 65.2416666597 68.4597562880
799 65.2416666597 67.7144131909
800 64.5937708138 68.1140048919
801 64.5937708138 67.6970165314
802 64.5937708138 68.0527657172
803 64.5937708138 67.9426780519
804 64.5937708138 67.9686121893
805 64.5937708138 67.9737900443
806 64.5937708138 67.8766608553
807 64.5937708138 68.1372079923
808 64.5937708138 68.0631284487
809 64.5937708138 68.1417199447
810 64.5937708138 68.2390957295
811 64.5937708138 68.0463486326
812 64.5937708138 68.3070303597
813 64.5937708138 68.3882631157
814 64.5937708138 68.0304095328
815 64.5937708138 67.9375796460
816 64.5937708138 67.8514664676
817 64.5937708138 67.6791549361
818 64.5937708138 67.8280200435
819 64.5937708138 67.8369664563
820 64.5937708138 67.8727171685
821 64.5937708138 68.0757984654
822 64.5937708138 68.1620004790
823 64.5937708138 68.0940203740
824 64.5937708138 67.5514709017
825 64.5937708138 66.8359593674
826 64.5937708138 67.5775729595
827 64.5937708138 67.9034683573
828 64.5937708138 68.0674944186
829 64.5937708138 68.8470219886
830 64.5937708138 68.4110867152
831 64.5937708138 68.5838616859
832 64.5937708138 67.8921001132
833 64.5937708138 67.7976375932
834 64.5937708138 67.9891564701
835 64.5937708138 68.5087356673
836 64.5937708138 68.5435189966
837 64.5937708138 68.0188198393
838 64.5937708138 68.3313600038
839 64.5937708138 67.3405780422
840 64.5937708138 67.6559441939
841 64.5937708138 68.2669415465
842 64.5937708138 67.6939421773
843 64.5937708138 68.0910088980
844 64.5937708138 67.3115587648
845 64.5937708138 67.0437319544
846 64.5937708138 67.8550826673
847 64.5937708138 68.1117513044
848 64.5937708138 67.6230772345
849 64.5937708138 68.0374023809
850 64.5937708138 67.9108848749
851 64.5937708138 68.0311270595
852 64.5937708138 67.7155014755
853 64.5937708138 67.1819169070
854 64.5937708138 67.8498110284
855 64.5937708138 68.3923112338
856 64.5937708138 67.8102277685
857 64.5937708138 68.2880889014
858 64.5937708138 67.6532312071
859 64.5937708138 67.1418764965
860 64.5937708138 68.2161328136
861 64.5937708138 68.3159979430
862 64.5937708138 68.1565066097
863 64.5937708138 67.6942664176
864 64.5937708138 67.4290761503
865 64.5937708138 66.8945967635
866 64.5937708138 67.1939475857
867 64.5937708138 67.2323939566
868 64.5937708138 68.0851132071
869 64.5937708138 67.9299105077
870 64.5937708138 68.5699017663
871 64.5937708138 68.2711074405
872 64.5937708138 68.0108387891
873 64.5937708138 67.8243186095
874 64.5937708138 68.0012280766
875 64.5937708138 67.3390964107
876 64.5937708138 67.5696005197
877 64.5937708138 68.5286445331
878 64.5937708138 69.1665732902
879 64.5937708138 68.1402466020
880 64.5937708138 67.5858108511
881 64.5937708138 67.1958766368
882 64.5937708138 67.3040945264
883 64.5937708138 67.2450618712
884 64.5937708138 66.7128541666
885 64.5937708138 67.2049786805
886 64.5937708138 67.5932003892
887 64.5937708138 67.0015742939
888 64.5937708138 67.1405690775
889 64.5937708138 67.2649750225
890 64.5937708138 67.5322231408
891 64.5937708138 67.4241260036
892 64.5937708138 67.4636295001
893 64.5937708138 67.6114540413
894 64.5937708138 67.6658973462
895 64.5937708138 66.9661031539
896 64.5937708138 67.3021298100
897 64.5937708138 67.4383186493
898 64.5937708138 67.3698174228
899 64.5937708138 67.8568375035
900 64.5937708138 68.0463025008
901 64.5937708138 68.1226565574
902 64.5937708138 67.6202835168
903 64.5937708138 67.8132578934
904 64.5937708138 68.4530571557
905 64.5937708138 68.1711792512
906 64.5937708138 68.1876772526
907 64.5937708138 67.8761025868
908 64.5937708138 67.4505966041
909 64.5937708138 67.4191198649
910 64.5937708138 67.5335751958
911 64.5937708138 67.8444300067
912 64.5937708138 67.3489026281
913 64.5937708138 66.7771494997
914 64.5937708138 67.3779255694
915 64.5937708138 67.3173911724
916 64.5937708138 67.3577695212
917 64.5937708138 67.2216297401
918 64.5937708138 67.6044505945
919 64.5937708138 67.2742159994
920 64.5937708138 67.1664350369
921 64.5937708138 67.3366843125
922 64.5937708138 67.6311306254
923 64.5937708138 67.4831763347
924 64.5937708138 66.7861293730
925 64.5937708138 66.6533272572
926 64.5937708138 66.7704610789
927 64.5937708138 66.9937116038
928 64.5937708138 67.2381731900
929 64.5937708138 67.6850039214
930 64.5937708138 67.6930841417
931 64.5937708138 67.2384643160
932 64.5937708138 67.5238795736
933 64.5937708138 67.6424165835
934 64.5937708138 67.7087853108
935 64.5937708138 67.3014003438
936 64.5937708138 67.6253172246
937 64.5937708138 67.7172087903
938 64.5937708138 67.3911036613
939 64.5937708138 67.5233988421
940 64.5937708138 67.8309593513
941 64.5937708138 67.6591448353
942 64.5937708138 67.8664199489
943 64.5937708138 67.9178368603
944 64.5937708138 67.7829673044
945 64.5937708138 67.9075321072
946 64.5937708138 67.9405653344
947 64.5937708138 68.1580073900
948 64.5937708138 67.3485109853
949 64.5937708138 67.2952879095
950 64.5937708138 67.5590752070
951 64.5937708138 68.2106897397
952 64.5937708138 68.0104407545
953 64.5937708138 68.1665833832
954 64.5937708138 67.5875365104
955 64.5937708138 67.4405673065
956 64.5937708138 67.7257514387
957 64.5937708138 67.5876591597
958 64.5937708138 67.5531661352
959 64.5937708138 67.6020260966
960 64.5937708138 68.0841326850
961 64.5937708138 68.1617768046
962 64.5937708138 67.3847596424
963 64.5937708138 68.2532967488
964 64.5937708138 68.1726696089
965 64.5937708138 68.2828298275
966 64.5937708138 67.6897120192
967 64.5937708138 67.6676552024
968 64.5937708138 67.9394325736
969 64.5937708138 68.1975860277
970 64.5937708138 67.9925877468
971 64.5937708138 67.6637420312
972 64.5937708138 68.5438955055
973 64.5937708138 67.8484845740
974 64.5937708138 67.7544658126
975 64.5937708138 67.9867150665
976 64.5937708138 67.5416330250
977 64.5937708138 67.0847298222
978 64.5937708138 67.0896072916
979 64.5937708138 67.4807781204
980 64.5937708138 68.1458235983
981 64.5937708138 68.0881784343
982 64.5937708138 68.2869951356
983 64.5937708138 68.5559828431
984 64.5937708138 68.7366145064
985 64.5937708138 67.9906766395
986 64.5937708138 67.7999873473
987 64.5937708138 67.6510220992
988 64.5937708138 67.3357166055
989 64.5937708138 67.2829948877
990 64.5937708138 67.3314109486
991 64.5937708138 67.9442545142
992 64.5937708138 67.4432257394
993 64.5937708138 68.1205299351
994 64.5937708138 68.0838238896
995 64.5937708138 67.4873510447
996 64.5937708138 67.4382851365
997 64.5937708138 67.8558097338
998 64.5937708138 67.6120342274
999 64.5937708138 67.6905695526
1000 64.5937708138 67.8503911810
