#     BLOCK:   ACTUAL_KE:    KE_AVE:      ERROR:
           1     3.07026     3.07026           0
           2     3.32357     3.19691   0.0895596
           3      3.1786     3.19081   0.0599141
           4     3.07021     3.16066   0.0519711
           5     2.98764     3.12605   0.0518319
           6     2.92889     3.09319   0.0525882
           7     2.84995     3.05844   0.0553786
           8     2.74502     3.01927   0.0607541
           9     2.62952     2.97596   0.0677007
          10     2.57502     2.93587   0.0718283
          11     2.53641     2.89955   0.0739105
          12     2.50063     2.86631    0.074855
          13     2.43838     2.83339   0.0759909
          14     2.36475     2.79992   0.0775862
          15     2.33253     2.76876   0.0784215
          16     2.28335     2.73842   0.0791712
          17      2.2731     2.71105   0.0791044
          18     2.30065     2.68825   0.0779261
          19     2.29113     2.66735   0.0765765
          20     2.24367     2.64616    0.075621
          21     2.18845     2.62437   0.0750954
          22     2.17795     2.60408    0.074373
          23     2.17944     2.58561   0.0733952
          24     2.18625     2.56897   0.0721988
          25     2.16411     2.55278   0.0711038
          26      2.1393     2.53688    0.070125
          27     2.08069     2.51998   0.0695334
          28     2.09377     2.50476    0.068696
          29     2.10336     2.49092   0.0677072
          30     2.11746     2.47847   0.0665849
          31     2.08671     2.46583   0.0656253
          32      2.0768     2.45367   0.0646908
          33     2.08833      2.4426   0.0636707
          34     2.08331     2.43203   0.0626688
          35     2.08263     2.42205   0.0616683
          36      2.0871     2.41275   0.0606531
          37     2.08449     2.40388   0.0596592
          38     2.10411     2.39599   0.0586084
          39     2.09418     2.38825   0.0576143
          40     2.08704     2.38072   0.0566639
          41     2.07237      2.3732   0.0557787
          42     2.10486     2.36681   0.0548153
          43     2.12059     2.36108   0.0538388
          44     2.11433     2.35547   0.0529064
          45      2.0941     2.34967   0.0520486
          46     2.05931     2.34335   0.0512984
          47     2.05626     2.33725   0.0505693
          48     2.07605      2.3318   0.0498077
          49     2.08013     2.32667   0.0490553
          50     2.05058     2.32115    0.048384
          51     2.03403     2.31552   0.0477617
          52     2.04809     2.31037   0.0471193
          53     2.05577     2.30557   0.0464745
          54      2.0542     2.30091   0.0458464
          55      2.0001     2.29545   0.0453379
          56     1.98995     2.28999   0.0448553
          57     2.01628     2.28519   0.0443246
          58     2.01975     2.28061    0.043796
          59     2.02135     2.27622   0.0432736
          60     2.00275     2.27166   0.0427917
          61     1.96385     2.26661   0.0423867
          62     1.94112     2.26136   0.0420269
          63     1.96575     2.25667   0.0416209
          64      1.9865     2.25245   0.0411841
          65     1.98105     2.24827   0.0407616
          66     1.97742     2.24417   0.0403501
          67     1.97893     2.24021   0.0399416
          68     1.99408     2.23659   0.0395179
          69     2.01737     2.23341   0.0390727
          70     2.03008     2.23051   0.0386223
          71     1.99568      2.2272   0.0382197
          72     1.99336     2.22395   0.0378266
          73     1.97122     2.22049   0.0374665
          74     1.96318     2.21702   0.0371212
          75     1.93734     2.21329   0.0368131
          76     1.94877     2.20981   0.0364929
          77     1.95394     2.20648   0.0361699
          78     1.99938     2.20383   0.0358035
          79     2.03388     2.20168   0.0354149
          80     2.01439     2.19934   0.0350495
          81     1.96564     2.19645   0.0347353
          82      1.9557     2.19351   0.0344356
          83     1.93931     2.19045   0.0341566
          84      1.9458     2.18754    0.033874
          85     1.95095     2.18476   0.0335896
          86     1.97787     2.18235   0.0332851
          87     1.97907     2.18001   0.0329844
          88     1.95347     2.17744   0.0327099
          89     1.96025       2.175   0.0324332
          90     1.97042     2.17273   0.0321524
          91     1.97013      2.1705   0.0318761
          92       1.977      2.1684   0.0315989
          93     1.98193     2.16639   0.0313227
          94     1.97955      2.1644   0.0310525
          95     1.94109     2.16205   0.0308145
          96     1.93825     2.15972   0.0305815
          97     1.91497      2.1572   0.0303702
          98     1.91394     2.15472   0.0301615
          99     1.91324     2.15228   0.0299553
         100     1.91152     2.14987   0.0297524
         101     1.88567     2.14725   0.0295726
         102     1.90381     2.14487   0.0293788
         103     1.90642     2.14255   0.0291846
         104     1.93042     2.14051   0.0289752
         105     1.92654     2.13847   0.0287708
         106     1.92963      2.1365   0.0285668
         107     1.92352     2.13451   0.0283691
         108      1.9428     2.13274   0.0281619
         109     1.98858     2.13142   0.0279346
         110     1.99596     2.13018   0.0277077
         111      1.9817     2.12885   0.0274904
         112     1.94487      2.1272    0.027294
         113     1.96127     2.12574   0.0270919
         114      1.9818     2.12447   0.0268837
         115       1.965     2.12309   0.0266856
         116     1.93928      2.1215   0.0265026
         117     1.90687     2.11967   0.0263395
         118     1.90015     2.11781   0.0261819
         119     1.92979     2.11623   0.0260095
         120     1.92945     2.11467   0.0258393
         121     1.94677     2.11328    0.025663
         122     1.96673     2.11208   0.0254807
         123     1.97896       2.111   0.0252965
         124     1.98131     2.10995   0.0251141
         125     1.94508     2.10863   0.0249478
         126     1.92065     2.10714   0.0247944
         127     1.91716     2.10565   0.0246443
         128     1.92866     2.10426   0.0244905
         129     1.94668     2.10304   0.0243311
         130     1.96829     2.10201    0.024166
         131     2.00457     2.10126    0.023993
         132     1.99876     2.10049   0.0238238
         133     1.99777     2.09971   0.0236571
         134     2.00247     2.09899   0.0234917
         135     2.02494     2.09844   0.0233241
         136     2.00638     2.09776   0.0231624
         137     1.97174     2.09684   0.0230116
         138     1.94454     2.09574   0.0228713
         139     1.96074     2.09477   0.0227274
         140     1.95982      2.0938   0.0225855
         141     1.97704     2.09298   0.0224405
         142     1.97899     2.09217   0.0222968
         143     1.94963     2.09118   0.0221632
         144     1.94773     2.09018   0.0220316
         145     1.94746      2.0892   0.0219016
         146     1.91566     2.08801   0.0217839
         147     1.93749     2.08698   0.0216597
         148     1.94434     2.08602   0.0215348
         149     1.94947      2.0851   0.0214098
         150     1.97461     2.08437   0.0212797
         151     1.97666     2.08365   0.0211507
         152     2.01107     2.08318    0.021017
         153     1.97681     2.08248   0.0208911
         154     1.93696     2.08153   0.0207768
         155     1.94801     2.08067   0.0206606
         156     1.94341     2.07979   0.0205469
         157     1.93576     2.07888   0.0204365
         158     1.92901     2.07793   0.0203292
         159     1.95973     2.07718   0.0202149
         160       1.966     2.07649   0.0201005
         161     1.94129     2.07565   0.0199932
         162     1.91373     2.07465   0.0198947
         163     1.92584     2.07374   0.0197936
         164     1.90737     2.07272   0.0196989
         165     1.90742     2.07172    0.019605
         166     1.92797     2.07085    0.019506
         167     1.93627     2.07005   0.0194058
         168        1.95     2.06933   0.0193035
         169     1.94909     2.06862   0.0192023
         170     1.94094     2.06787   0.0191041
         171     1.95388     2.06721    0.019004
         172     1.99194     2.06677   0.0188985
         173     2.00314      2.0664   0.0187929
         174      2.0114     2.06608   0.0186875
         175     2.00273     2.06572   0.0185842
         176     1.98601     2.06527   0.0184842
         177     1.98453     2.06481   0.0183854
         178     2.00757     2.06449   0.0182849
         179     1.99483      2.0641   0.0181869
         180     1.98366     2.06366   0.0180913
         181     1.94876     2.06302   0.0180025
         182     1.95895     2.06245   0.0179127
         183     1.97182     2.06195   0.0178216
         184     2.00083     2.06162   0.0177279
         185     2.01729     2.06138   0.0176337
         186     2.02633     2.06119   0.0175399
         187     2.02784     2.06101    0.017447
         188     2.02577     2.06083   0.0173552
         189     1.99426     2.06047   0.0172669
         190     1.98912      2.0601   0.0171801
         191     2.01024     2.05984   0.0170922
         192     2.03857     2.05973   0.0170035
         193     2.00347     2.05944   0.0169179
         194     1.98176     2.05904   0.0168354
         195      1.9668     2.05856   0.0167557
         196       1.949       2.058   0.0166796
         197     1.92376     2.05732   0.0166088
         198     1.91953     2.05663   0.0165395
         199      1.9292     2.05599   0.0164688
         200     1.95397     2.05548   0.0163943
         201     1.96964     2.05505   0.0163183
         202     1.97017     2.05463    0.016243
         203     1.94567     2.05409   0.0161718
         204     1.92676     2.05347   0.0161046
         205      1.9343     2.05289   0.0160365
         206     1.92809     2.05228   0.0159701
         207     1.94978     2.05179   0.0159006
         208     1.96288     2.05136   0.0158299
         209     1.94282     2.05084   0.0157627
         210     1.95123     2.05036   0.0156948
         211     1.96672     2.04997   0.0156254
         212     1.97699     2.04962   0.0155555
         213     1.99258     2.04936   0.0154848
         214     1.98156     2.04904   0.0154156
         215     2.00291     2.04882   0.0153454
         216      2.0265     2.04872   0.0152747
         217     2.05966     2.04877   0.0152044
         218     2.07487     2.04889   0.0151352
         219     2.06556     2.04897   0.0150662
         220      2.0871     2.04914   0.0149988
         221     2.07204     2.04924   0.0149312
         222     2.04036      2.0492    0.014864
         223     2.02989     2.04912   0.0147976
         224     2.05057     2.04912   0.0147316
         225      2.0599     2.04917   0.0146662
         226     2.04072     2.04913   0.0146013
         227     2.03685     2.04908   0.0145371
         228     2.06983     2.04917   0.0144736
         229     2.05883     2.04921   0.0144105
         230     2.02142     2.04909   0.0143483
         231     2.02488     2.04899   0.0142866
         232     2.01248     2.04883   0.0142259
         233     2.01662     2.04869   0.0141655
         234       1.989     2.04844   0.0141073
         235     1.97838     2.04814   0.0140504
         236     1.97358     2.04782   0.0139944
         237      1.9753     2.04752   0.0139387
         238     2.01225     2.04737   0.0138809
         239     2.02603     2.04728   0.0138231
         240     2.03106     2.04721   0.0137657
         241      2.0543     2.04724   0.0137086
         242     2.05978     2.04729   0.0136521
         243     2.04703     2.04729   0.0135959
         244     2.01538     2.04716   0.0135408
         245     1.98454     2.04691   0.0134879
         246     1.99963     2.04671   0.0134345
         247     2.00964     2.04656   0.0133809
         248      2.0363     2.04652    0.013327
         249      2.0505     2.04654   0.0132735
         250       2.054     2.04657   0.0132205
