10000 3.12207 0
20000 3.14432 0.022244
30000 3.14049 0.0134011
40000 3.14851 0.0124175
50000 3.14597 0.00995007
60000 3.1531 0.0108124
70000 3.14114 0.0150531
80000 3.1422 0.0130792
90000 3.15011 0.0139851
100000 3.14231 0.0147365
110000 3.14226 0.0133298
120000 3.1409 0.0122438
130000 3.13382 0.0133065
140000 3.13367 0.0123202
150000 3.1329 0.0114955
160000 3.12858 0.0115897
170000 3.12952 0.0109276
180000 3.1308 0.010382
190000 3.13148 0.00984371
200000 3.13279 0.00942917
210000 3.12892 0.00976719
220000 3.12936 0.00932333
230000 3.13212 0.00932653
240000 3.13199 0.00893048
250000 3.13183 0.00856735
260000 3.13001 0.00842999
270000 3.1317 0.00828574
280000 3.13234 0.00800991
290000 3.1302 0.00801927
300000 3.12909 0.0078263
310000 3.12956 0.00758422
320000 3.1292 0.00735199
330000 3.12931 0.00712657
340000 3.131 0.00711713
350000 3.1297 0.00703219
360000 3.13148 0.00706267
370000 3.13273 0.00698143
380000 3.13181 0.00685679
390000 3.13174 0.00667908
400000 3.13135 0.00652149
410000 3.13091 0.00637562
420000 3.13273 0.00648156
430000 3.1325 0.00633304
440000 3.13303 0.0062096
450000 3.13456 0.00626083
460000 3.13612 0.00631791
470000 3.1345 0.00639078
480000 3.13297 0.00644131
490000 3.13373 0.00635502
500000 3.13526 0.00641203
510000 3.13586 0.00631306
520000 3.13618 0.00619881
530000 3.13597 0.00608439
540000 3.13575 0.00597475
550000 3.13464 0.0059681
560000 3.13557 0.00593394
570000 3.13542 0.00583087
580000 3.13516 0.00573552
590000 3.13547 0.00564611
600000 3.13631 0.00561405
610000 3.1374 0.00562869
620000 3.13869 0.00568589
630000 3.13794 0.00564549
640000 3.1385 0.00558444
650000 3.14054 0.00586457
660000 3.1401 0.00579189
670000 3.13935 0.00575313
680000 3.14082 0.00585571
690000 3.14123 0.00578421
700000 3.14193 0.00574482
710000 3.14175 0.00566629
720000 3.14233 0.00561734
730000 3.14222 0.00554108
740000 3.14296 0.00551547
750000 3.14215 0.0055006
760000 3.14233 0.00543061
770000 3.14229 0.00535972
780000 3.14226 0.00529067
790000 3.14181 0.00524279
800000 3.14357 0.00546938
810000 3.14319 0.00541517
820000 3.14285 0.00535956
830000 3.14279 0.00529495
840000 3.14312 0.00524198
850000 3.14304 0.00518048
860000 3.14274 0.0051287
870000 3.14169 0.00517659
880000 3.14198 0.00512522
890000 3.14167 0.00507684
900000 3.14169 0.00502016
910000 3.14153 0.00496733
920000 3.1416 0.00491365
930000 3.14269 0.00498023
940000 3.14339 0.00497603
950000 3.14335 0.00492352
960000 3.14296 0.00488702
970000 3.14367 0.00488742
980000 3.14283 0.00490881
990000 3.14256 0.00486695
1000000 3.14247 0.00481883
