0 85.14
1 98.9
2 87.92
3 105.1
4 137.16
5 85.74
6 99.54
7 95.92
8 121.64
9 93.22
10 79.1
11 85.02
12 90.42
13 99.06
14 121.22
15 99.92
16 88.56
17 102.92
18 120.98
19 86.22
20 116.78
21 123.8
22 92.56
23 98.02
24 102.34
25 92.34
26 103.16
27 79.44
28 123.34
29 88.9
30 90.88
31 106.58
32 94.46
33 101.5
34 85.52
35 105
36 133.22
37 96.64
38 95.16
39 102.76
40 107.68
41 113.9
42 115.6
43 113.24
44 109.42
45 115.5
46 104.76
47 106.86
48 92.06
49 132.08
50 100.28
51 105.66
52 99.08
53 81.88
54 102.14
55 88.8
56 94.56
57 91.84
58 108.66
59 120.68
60 85.96
61 85.92
62 86.64
63 94
64 88.9
65 107.42
66 102.5
67 113.28
68 118.88
69 94.4
70 90.5
71 88.86
72 89.36
73 75.46
74 90.92
75 87.54
76 84.2
77 116.44
78 126.02
79 89.98
80 97.86
81 84.8
82 100.22
83 82.34
84 78.96
85 87.86
86 126.68
87 83.14
88 108.58
89 117.26
90 116.42
91 81.04
92 97.44
93 79.22
94 99.66
95 100.22
96 95.24
97 89.88
98 108.24
99 118.34
