1 100 -0.0433536 0 0.00470746 0
2 200 0.00298455 0.0463381 0.00905348 0.00434602
3 300 -0.0239719 0.0379788 0.00167711 0.00779146
4 400 -0.00398797 0.0334746 0.00309986 0.00569013
5 500 -0.00429191 0.0259311 0.00152101 0.00468181
6 600 -0.0070385 0.0213501 0.000434756 0.00397402
7 700 -0.0045075 0.0182208 -0.000470632 0.00347855
8 800 -0.00514227 0.0157924 0.000479295 0.00315874
9 900 0.00182792 0.0155744 -0.000774202 0.00305477
10 1000 0.00639424 0.0146595 -0.00103407 0.0027446
11 1100 0.0044502 0.0134017 0.000373815 0.00285401
12 1200 0.00698958 0.0124948 0.000601781 0.00261529
13 1300 0.00674397 0.0114962 0.00108241 0.00245326
14 1400 0.00717515 0.0106521 0.000585212 0.00232506
15 1500 0.00547889 0.0100606 0.000564944 0.00216461
16 1600 0.00861467 0.00991954 0.000996707 0.00207033
17 1700 0.00895956 0.00932417 0.000234239 0.00208887
18 1800 0.00760074 0.00889531 0.000627297 0.00200824
19 1900 0.00768791 0.00841457 0.00054135 0.00190155
20 2000 0.00541881 0.008299 0.00118306 0.00191471
21 2100 0.00439924 0.00795949 0.00103273 0.00182744
22 2200 0.00360507 0.00763052 0.000891476 0.00174811
23 2300 0.00279439 0.00733614 0.000848375 0.00167094
24 2400 0.00319278 0.00703511 0.000913765 0.00160114
25 2500 0.00429282 0.00683692 0.00101837 0.00153931
26 2600 0.00459323 0.00657556 0.000704585 0.00151185
27 2700 0.00556903 0.00640214 0.000923482 0.00147115
28 2800 0.00594872 0.00618093 0.000742336 0.00142916
29 2900 0.0065535 0.00599457 0.000536251 0.00139432
30 3000 0.00653074 0.00579135 0.000702329 0.00135724
31 3100 0.00576448 0.00565359 0.000782454 0.00131517
32 3200 0.0048862 0.00554407 0.00108815 0.00130959
33 3300 0.00621884 0.00553623 0.00115484 0.00127103
34 3400 0.00460683 0.00560763 0.00140019 0.00125725
35 3500 0.00406457 0.00547199 0.00114798 0.00124659
36 3600 0.00378943 0.00532493 0.00120186 0.00121266
37 3700 0.00482862 0.00528224 0.00105639 0.00118837
38 3800 0.00456132 0.0051483 0.00107249 0.00115678
39 3900 0.0044972 0.00501497 0.000948767 0.00113351
40 4000 0.00365956 0.00495924 0.00104214 0.00110874
41 4100 0.00377301 0.0048381 0.000779072 0.0011129
42 4200 0.00382728 0.00472181 0.000728366 0.00108726
43 4300 0.00387752 0.00461097 0.000507255 0.00108446
44 4400 0.00319891 0.00455578 0.000616863 0.00106518
45 4500 0.00300959 0.00445741 0.000589853 0.00104159
46 4600 0.002786 0.00436517 0.00065386 0.0010207
47 4700 0.0024518 0.00428434 0.000680285 0.0009991
48 4800 0.00230078 0.00419685 0.000768811 0.000982062
49 4900 0.00252204 0.00411626 0.000971732 0.000982984
50 5000 0.00219084 0.00404667 0.00104783 0.000966125
51 5100 0.00234443 0.0039695 0.00105537 0.000947022
52 5200 0.00182499 0.00392692 0.00108881 0.000929234
53 5300 0.00222507 0.00387284 0.00109222 0.000911539
54 5400 0.00158858 0.00385337 0.00123877 0.000906425
55 5500 0.00125125 0.00379767 0.00117013 0.000892436
56 5600 0.00102036 0.00373638 0.00131114 0.000887627
57 5700 0.00154543 0.00370761 0.00148292 0.000888676
58 5800 0.00103233 0.00367909 0.00127002 0.0008988
59 5900 0.000674802 0.00363382 0.00117419 0.000888617
60 6000 0.000854353 0.00357725 0.00136625 0.000894544
61 6100 -0.000121399 0.00365093 0.0013094 0.000881593
62 6200 0.000703743 0.00368513 0.00132432 0.000867385
63 6300 0.000696561 0.00362617 0.00138705 0.000855808
64 6400 0.000934576 0.00357699 0.001069 0.000900375
65 6500 0.00126082 0.00353661 0.00112077 0.000887926
66 6600 0.00124043 0.00348267 0.00114136 0.000874611
67 6700 0.00214156 0.00354668 0.00139085 0.000896858
68 6800 0.00199513 0.0034972 0.00144029 0.000884953
69 6900 0.0024025 0.00347014 0.00141954 0.00087228
70 7000 0.00353599 0.00360314 0.0012487 0.000876538
71 7100 0.0037532 0.00355866 0.00115726 0.00086893
72 7200 0.00375895 0.0035089 0.00121496 0.000858717
73 7300 0.00398003 0.00346755 0.00117738 0.000847705
74 7400 0.00309042 0.00353417 0.00110153 0.000839605
75 7500 0.00311246 0.0034868 0.000987151 0.000836195
76 7600 0.00356041 0.00346965 0.00094451 0.00082622
77 7700 0.00301533 0.0034674 0.000729065 0.000843401
78 7800 0.00353981 0.00346261 0.00061013 0.00084097
79 7900 0.00393458 0.00344122 0.000688443 0.000833942
80 8000 0.00405238 0.00339997 0.000754944 0.000826133
81 8100 0.00475246 0.00342994 0.00073651 0.000816078
82 8200 0.00508444 0.00340408 0.000671669 0.000808668
83 8300 0.00482485 0.00337282 0.00069924 0.000799341
84 8400 0.00476399 0.00333299 0.000676753 0.000790088
85 8500 0.00418638 0.00334381 0.000511291 0.000798078
86 8600 0.00416773 0.00330475 0.000553841 0.000789891
87 8700 0.00405678 0.00326843 0.000447474 0.000787971
88 8800 0.0035819 0.00326578 0.000271066 0.00079869
89 8900 0.00338236 0.00323504 4.19506e-05 0.000822232
90 9000 0.00358343 0.00320521 2.05853e-05 0.000813325
91 9100 0.00275414 0.00327647 -8.01297e-05 0.000810619
92 9200 0.00230574 0.00327154 -0.000115533 0.000802541
93 9300 0.00202677 0.00324817 -0.000124155 0.000793911
94 9400 0.00201604 0.00321345 -0.000106618 0.000785616
95 9500 0.00160898 0.0032054 -0.000158233 0.000779014
96 9600 0.00151901 0.00317311 -0.00029592 0.000783056
97 9700 0.001633 0.00314229 -0.000374755 0.000778941
98 9800 0.00140085 0.00311871 -0.000420473 0.000772306
99 9900 0.00114916 0.00309729 -0.000432322 0.000764557
100 10000 0.00121425 0.00306686 -0.000170541 0.000800866
