# VELOCITY:     BLOCK_POFV:
0.07 0.0146164
0.21 0.0943783
0.35 0.235714
0.49 0.410648
0.63 0.562434
0.77 0.647553
0.91 0.704233
1.05 0.732275
1.19 0.686574
1.33 0.672487
1.47 0.586111
1.61 0.507077
1.75 0.40582
1.89 0.287302
2.03 0.18922
2.17 0.139153
2.31 0.0989418
2.45 0.0706349
2.59 0.0462963
2.73 0.0204365
2.87 0.0135582
3.01 0.00760582
3.15 0.00747354
3.29 0.00231481
3.43 0
3.57 0
3.71 0
3.85 0
3.99 0
4.13 0

0.07 0.0193122
0.21 0.0951058
0.35 0.20086
0.49 0.381151
0.63 0.577712
0.77 0.707474
0.91 0.798743
1.05 0.749802
1.19 0.724405
1.33 0.701389
1.47 0.580291
1.61 0.480622
1.75 0.341931
1.89 0.272884
2.03 0.160847
2.17 0.117196
2.31 0.0752646
2.45 0.0472222
2.59 0.0492725
2.73 0.0263889
2.87 0.0144841
3.01 0.0156085
3.15 0.00489418
3.29 0
3.43 0
3.57 0
3.71 0
3.85 0
3.99 0
4.13 0

0.07 0.0107143
0.21 0.0637566
0.35 0.175728
0.49 0.331283
0.63 0.514352
0.77 0.643452
0.91 0.738426
1.05 0.857804
1.19 0.832209
1.33 0.729233
1.47 0.533069
1.61 0.475728
1.75 0.411111
1.89 0.305357
2.03 0.215608
2.17 0.144907
2.31 0.0800265
2.45 0.0419312
2.59 0.0183862
2.73 0.0136243
2.87 0.00443122
3.01 0.00171958
3.15 0
3.29 0
3.43 0
3.57 0
3.71 0
3.85 0
3.99 0
4.13 0

0.07 0.0100529
0.21 0.073545
0.35 0.190079
0.49 0.355556
0.63 0.514087
0.77 0.62791
0.91 0.773611
1.05 0.747421
1.19 0.676653
1.33 0.680291
1.47 0.602447
1.61 0.581415
1.75 0.453042
1.89 0.331944
2.03 0.235053
2.17 0.129563
2.31 0.0633598
2.45 0.0430556
2.59 0.0207011
2.73 0.0165344
2.87 0.0126323
3.01 0.00390212
3.15 0
3.29 0
3.43 0
3.57 0
3.71 0
3.85 0
3.99 0
4.13 0

0.07 0.00654762
0.21 0.0857804
0.35 0.212698
0.49 0.334127
0.63 0.429299
0.77 0.612698
0.91 0.737632
1.05 0.763294
1.19 0.798347
1.33 0.710185
1.47 0.639616
1.61 0.520569
1.75 0.409325
1.89 0.316534
2.03 0.203108
2.17 0.151918
2.31 0.0901455
2.45 0.0528439
2.59 0.0289021
2.73 0.0171296
2.87 0.0121032
3.01 0.00462963
3.15 0.00542328
3.29 0
3.43 0
3.57 0
3.71 0
3.85 0
3.99 0
4.13 0

0.07 0.00443122
0.21 0.0668651
0.35 0.214087
0.49 0.383003
0.63 0.563492
0.77 0.677381
0.91 0.803108
1.05 0.798082
1.19 0.740013
1.33 0.623545
1.47 0.576058
1.61 0.469444
1.75 0.382143
1.89 0.277447
2.03 0.217791
2.17 0.149339
2.31 0.0812831
2.45 0.0501323
2.59 0.026918
2.73 0.0130291
2.87 0.0154762
3.01 0.00800265
3.15 0.00178571
3.29 0
3.43 0
3.57 0
3.71 0
3.85 0
3.99 0
4.13 0

0.07 0.00661376
0.21 0.0613757
0.35 0.184524
0.49 0.355159
0.63 0.486971
0.77 0.617989
0.91 0.724206
1.05 0.835317
1.19 0.850066
1.33 0.69127
1.47 0.625
1.61 0.529762
1.75 0.386442
1.89 0.274272
2.03 0.198016
2.17 0.123347
2.31 0.0935847
2.45 0.0466931
2.59 0.0285053
2.73 0.0150132
2.87 0.00403439
3.01 0.00469577
3.15 0
3.29 0
3.43 0
3.57 0
3.71 0
3.85 0
3.99 0
4.13 0

0.07 0.00813492
0.21 0.0882275
0.35 0.199537
0.49 0.358995
0.63 0.556085
0.77 0.644246
0.91 0.71131
1.05 0.759193
1.19 0.772024
1.33 0.68254
1.47 0.572884
1.61 0.497685
1.75 0.411772
1.89 0.341005
2.03 0.236045
2.17 0.118585
2.31 0.0814815
2.45 0.0388228
2.59 0.0286376
2.73 0.0205688
2.87 0.012037
3.01 0.00304233
3.15 0
3.29 0
3.43 0
3.57 0
3.71 0
3.85 0
3.99 0
4.13 0

0.07 0.0131614
0.21 0.0795635
0.35 0.196825
0.49 0.353571
0.63 0.565079
0.77 0.725794
0.91 0.778108
1.05 0.750661
1.19 0.733598
1.33 0.638889
1.47 0.604034
1.61 0.526058
1.75 0.376455
1.89 0.271825
2.03 0.169907
2.17 0.12705
2.31 0.0917328
2.45 0.0531085
2.59 0.0273148
2.73 0.0238757
2.87 0.022619
3.01 0.00853175
3.15 0.00509259
3.29 0
3.43 0
3.57 0
3.71 0
3.85 0
3.99 0
4.13 0

0.07 0.0100529
0.21 0.0834656
0.35 0.191138
0.49 0.334788
0.63 0.48869
0.77 0.688029
0.91 0.827116
1.05 0.820833
1.19 0.769114
1.33 0.716534
1.47 0.595304
1.61 0.470238
1.75 0.399074
1.89 0.271495
2.03 0.177315
2.17 0.118122
2.31 0.0654101
2.45 0.0481481
2.59 0.0314153
2.73 0.0244709
2.87 0.00906085
3.01 0.00304233
3.15 0
3.29 0
3.43 0
3.57 0
3.71 0
3.85 0
3.99 0
4.13 0

0.07 0.0151455
0.21 0.108598
0.35 0.246892
0.49 0.399802
0.63 0.509524
0.77 0.663955
0.91 0.708399
1.05 0.777183
1.19 0.754497
1.33 0.665608
1.47 0.653307
1.61 0.476852
1.75 0.347487
1.89 0.290344
2.03 0.211376
2.17 0.13082
2.31 0.0662698
2.45 0.0457672
2.59 0.0248677
2.73 0.0121032
2.87 0.00846561
3.01 0.0111111
3.15 0.0093254
3.29 0.00515873
3.43 0
3.57 0
3.71 0
3.85 0
3.99 0
4.13 0

0.07 0.0185185
0.21 0.0826058
0.35 0.214749
0.49 0.346032
0.63 0.526389
0.77 0.637963
0.91 0.688228
1.05 0.787434
1.19 0.796825
1.33 0.719048
1.47 0.652579
1.61 0.515542
1.75 0.386971
1.89 0.27381
2.03 0.199405
2.17 0.120635
2.31 0.0581349
2.45 0.0505952
2.59 0.0415344
2.73 0.0113757
2.87 0.00674603
3.01 0.0077381
3.15 0
3.29 0
3.43 0
3.57 0
3.71 0
3.85 0
3.99 0
4.13 0

0.07 0.0140873
0.21 0.089418
0.35 0.197553
0.49 0.382804
0.63 0.549934
0.77 0.709193
0.91 0.70959
1.05 0.736045
1.19 0.822024
1.33 0.716667
1.47 0.57672
1.61 0.506085
1.75 0.401587
1.89 0.29418
2.03 0.157606
2.17 0.132606
2.31 0.0590608
2.45 0.0361111
2.59 0.0284392
2.73 0.0142196
2.87 0.00403439
3.01 0.00324074
3.15 0.00165344
3.29 0
3.43 0
3.57 0
3.71 0
3.85 0
3.99 0
4.13 0

0.07 0.019709
0.21 0.0994709
0.35 0.231151
0.49 0.409987
0.63 0.552646
0.77 0.685913
0.91 0.771296
1.05 0.727778
1.19 0.717791
1.33 0.628571
1.47 0.538757
1.61 0.442262
1.75 0.371561
1.89 0.29623
2.03 0.249802
2.17 0.171627
2.31 0.115344
2.45 0.0512566
2.59 0.0266534
2.73 0.0191138
2.87 0.0109127
3.01 0.00502646
3.15 0
3.29 0
3.43 0
3.57 0
3.71 0
3.85 0
3.99 0
4.13 0

0.07 0.00859788
0.21 0.0761905
0.35 0.173148
0.49 0.371825
0.63 0.542857
0.77 0.681614
0.91 0.736574
1.05 0.749339
1.19 0.727646
1.33 0.727513
1.47 0.624669
1.61 0.528505
1.75 0.413161
1.89 0.278704
2.03 0.205159
2.17 0.156944
2.31 0.0644841
2.45 0.0361772
2.59 0.0185847
2.73 0.0133598
2.87 0.00277778
3.01 0.00416667
3.15 0.000859788
3.29 0
3.43 0
3.57 0
3.71 0
3.85 0
3.99 0
4.13 0

0.07 0.0150794
0.21 0.0778439
0.35 0.196296
0.49 0.367063
0.63 0.569511
0.77 0.743849
0.91 0.851323
1.05 0.762698
1.19 0.714749
1.33 0.669048
1.47 0.558069
1.61 0.493915
1.75 0.34537
1.89 0.263624
2.03 0.183069
2.17 0.117262
2.31 0.0896825
2.45 0.0507937
2.59 0.029828
2.73 0.0173942
2.87 0.011045
3.01 0.0117725
3.15 0.00357143
3.29 0
3.43 0
3.57 0
3.71 0
3.85 0
3.99 0
4.13 0

0.07 0.00674603
0.21 0.0767196
0.35 0.19418
0.49 0.35754
0.63 0.552579
0.77 0.652778
0.91 0.713558
1.05 0.753175
1.19 0.754762
1.33 0.67586
1.47 0.600331
1.61 0.531349
1.75 0.453638
1.89 0.299669
2.03 0.197354
2.17 0.124603
2.31 0.0732804
2.45 0.0570767
2.59 0.0412037
2.73 0.011045
2.87 0.00958995
3.01 0.0042328
3.15 0.0015873
3.29 0
3.43 0
3.57 0
3.71 0
3.85 0
3.99 0
4.13 0

0.07 0.0175265
0.21 0.0771825
0.35 0.226058
0.49 0.385053
0.63 0.516336
0.77 0.707077
0.91 0.739749
1.05 0.696561
1.19 0.736971
1.33 0.713558
1.47 0.642989
1.61 0.489153
1.75 0.375
1.89 0.291931
2.03 0.176984
2.17 0.127712
2.31 0.0718254
2.45 0.0496693
2.59 0.0438492
2.73 0.0208995
2.87 0.0136905
3.01 0.00787037
3.15 0.00720899
3.29 0.00800265
3.43 0
3.57 0
3.71 0
3.85 0
3.99 0
4.13 0

0.07 0.0142857
0.21 0.0925926
0.35 0.226058
0.49 0.377844
0.63 0.51918
0.77 0.624206
0.91 0.757275
1.05 0.748148
1.19 0.732738
1.33 0.706217
1.47 0.611905
1.61 0.576058
1.75 0.426257
1.89 0.25172
2.03 0.200132
2.17 0.10959
2.31 0.0791667
2.45 0.0513889
2.59 0.0165344
2.73 0.00601852
2.87 0.00727513
3.01 0.00634921
3.15 0.00191799
3.29 0
3.43 0
3.57 0
3.71 0
3.85 0
3.99 0
4.13 0

0.07 0.0127646
0.21 0.0808201
0.35 0.266005
0.49 0.40754
0.63 0.523545
0.77 0.71164
0.91 0.775463
1.05 0.77586
1.19 0.734061
1.33 0.654365
1.47 0.609193
1.61 0.437434
1.75 0.365675
1.89 0.247751
2.03 0.183069
2.17 0.126323
2.31 0.0962963
2.45 0.0753968
2.59 0.0281746
2.73 0.0164683
2.87 0.00945767
3.01 0.00555556
3.15 0
3.29 0
3.43 0
3.57 0
3.71 0
3.85 0
3.99 0
4.13 0

0.07 0.0117725
0.21 0.123413
0.35 0.219378
0.49 0.39041
0.63 0.485185
0.77 0.631151
0.91 0.761905
1.05 0.827646
1.19 0.718849
1.33 0.693915
1.47 0.563757
1.61 0.474868
1.75 0.367063
1.89 0.315873
2.03 0.213161
2.17 0.123545
2.31 0.071164
2.45 0.0471561
2.59 0.0400794
2.73 0.0344577
2.87 0.0162037
3.01 0.0031746
3.15 0.00178571
3.29 0.00185185
3.43 0.00112434
3.57 0.0015873
3.71 0.00238095
3.85 0
3.99 0
4.13 0

0.07 0.0103836
0.21 0.0689153
0.35 0.173545
0.49 0.392526
0.63 0.56918
0.77 0.654299
0.91 0.768915
1.05 0.828704
1.19 0.809788
1.33 0.717857
1.47 0.575529
1.61 0.491667
1.75 0.347487
1.89 0.219511
2.03 0.151323
2.17 0.136706
2.31 0.113029
2.45 0.0402778
2.59 0.0343915
2.73 0.00919312
2.87 0.00945767
3.01 0.0105159
3.15 0.00330688
3.29 0.00548942
3.43 0.000859788
3.57 0
3.71 0
3.85 0
3.99 0
4.13 0

0.07 0.011045
0.21 0.0926587
0.35 0.215741
0.49 0.373148
0.63 0.567923
0.77 0.694974
0.91 0.738029
1.05 0.749603
1.19 0.733201
1.33 0.688558
1.47 0.581614
1.61 0.468452
1.75 0.383201
1.89 0.282275
2.03 0.196296
2.17 0.141336
2.31 0.0966931
2.45 0.0563492
2.59 0.0311508
2.73 0.014418
2.87 0.0149471
3.01 0.00681217
3.15 0.0010582
3.29 0.00171958
3.43 0.00165344
3.57 0
3.71 0
3.85 0
3.99 0
4.13 0

0.07 0.00780423
0.21 0.0876323
0.35 0.240939
0.49 0.407341
0.63 0.530886
0.77 0.673148
0.91 0.75496
1.05 0.822751
1.19 0.768717
1.33 0.648942
1.47 0.567196
1.61 0.47004
1.75 0.360913
1.89 0.273214
2.03 0.19537
2.17 0.135317
2.31 0.0733466
2.45 0.0410714
2.59 0.0318783
2.73 0.0225529
2.87 0.010119
3.01 0.010582
3.15 0.00813492
3.29 0
3.43 0
3.57 0
3.71 0
3.85 0
3.99 0
4.13 0

0.07 0.0159392
0.21 0.0939153
0.35 0.228704
0.49 0.349405
0.63 0.511045
0.77 0.669841
0.91 0.703571
1.05 0.791204
1.19 0.747619
1.33 0.676124
1.47 0.582275
1.61 0.528902
1.75 0.386706
1.89 0.283796
2.03 0.219577
2.17 0.144907
2.31 0.0925265
2.45 0.0479497
2.59 0.0291005
2.73 0.0202381
2.87 0.0138889
3.01 0.00337302
3.15 0.00224868
3.29 0
3.43 0
3.57 0
3.71 0
3.85 0
3.99 0
4.13 0

0.07 0.00734127
0.21 0.0843915
0.35 0.201257
0.49 0.364418
0.63 0.513889
0.77 0.622619
0.91 0.72963
1.05 0.757804
1.19 0.872751
1.33 0.700331
1.47 0.584524
1.61 0.492725
1.75 0.382474
1.89 0.28254
2.03 0.194048
2.17 0.139815
2.31 0.0756614
2.45 0.0700397
2.59 0.0371693
2.73 0.017791
2.87 0.00588624
3.01 0.00390212
3.15 0.00185185
3.29 0
3.43 0
3.57 0
3.71 0
3.85 0
3.99 0
4.13 0

0.07 0.0226852
0.21 0.109127
0.35 0.235251
0.49 0.374603
0.63 0.538624
0.77 0.651257
0.91 0.728241
1.05 0.717923
1.19 0.758796
1.33 0.618452
1.47 0.577778
1.61 0.505291
1.75 0.427513
1.89 0.298611
2.03 0.216997
2.17 0.151389
2.31 0.0912698
2.45 0.0705026
2.59 0.0263228
2.73 0.0121693
2.87 0.00813492
3.01 0.00152116
3.15 0.000396825
3.29 0
3.43 0
3.57 0
3.71 0
3.85 0
3.99 0
4.13 0

0.07 0.00906085
0.21 0.0792989
0.35 0.189815
0.49 0.290212
0.63 0.543188
0.77 0.685053
0.91 0.783135
1.05 0.785317
1.19 0.682474
1.33 0.731085
1.47 0.624603
1.61 0.457209
1.75 0.386772
1.89 0.271429
2.03 0.211839
2.17 0.176389
2.31 0.0916005
2.45 0.0573413
2.59 0.0376323
2.73 0.0183862
2.87 0.0138889
3.01 0.00515873
3.15 0.00337302
3.29 0.00205026
3.43 0.00343915
3.57 0.00198413
3.71 0.00112434
3.85 0
3.99 0
4.13 0

0.07 0.0101852
0.21 0.0732143
0.35 0.203836
0.49 0.385648
0.63 0.587302
0.77 0.68578
0.91 0.778638
1.05 0.777249
1.19 0.715212
1.33 0.648148
1.47 0.571892
1.61 0.485317
1.75 0.383532
1.89 0.276455
2.03 0.179563
2.17 0.133929
2.31 0.103836
2.45 0.0609788
2.59 0.0315476
2.73 0.0173942
2.87 0.0160053
3.01 0.00343915
3.15 0.00522487
3.29 0.00224868
3.43 0.00357143
3.57 0.00271164
3.71 0
3.85 0
3.99 0
4.13 0

0.07 0.0103175
0.21 0.0924603
0.35 0.209458
0.49 0.328836
0.63 0.484458
0.77 0.716799
0.91 0.825529
1.05 0.863294
1.19 0.753439
1.33 0.675794
1.47 0.581944
1.61 0.470569
1.75 0.357474
1.89 0.257077
2.03 0.184921
2.17 0.130225
2.31 0.0865741
2.45 0.0445767
2.59 0.0357143
2.73 0.0155423
2.87 0.00350529
3.01 0.0130291
3.15 0.00132275
3.29 0
3.43 0
3.57 0
3.71 0
3.85 0
3.99 0
4.13 0

0.07 0.0118386
0.21 0.0806217
0.35 0.224471
0.49 0.387632
0.63 0.545833
0.77 0.695767
0.91 0.754431
1.05 0.807804
1.19 0.75205
1.33 0.655489
1.47 0.520238
1.61 0.476124
1.75 0.375265
1.89 0.270503
2.03 0.179365
2.17 0.134921
2.31 0.0924603
2.45 0.0638889
2.59 0.0537037
2.73 0.0266534
2.87 0.016336
3.01 0.00813492
3.15 0.00257937
3.29 0.00171958
3.43 0.00376984
3.57 0.00125661
3.71 0
3.85 0
3.99 0
4.13 0

0.07 0.0156085
0.21 0.10959
0.35 0.23287
0.49 0.347619
0.63 0.549008
0.77 0.655886
0.91 0.703902
1.05 0.824802
1.19 0.783267
1.33 0.675728
1.47 0.56455
1.61 0.466865
1.75 0.388955
1.89 0.293056
2.03 0.205556
2.17 0.142262
2.31 0.0741402
2.45 0.0414683
2.59 0.0296958
2.73 0.0185185
2.87 0.00555556
3.01 0.00337302
3.15 0.00257937
3.29 0.00416667
3.43 0.00152116
3.57 0.00231481
3.71 0
3.85 0
3.99 0
4.13 0

0.07 0.0131614
0.21 0.0789021
0.35 0.205622
0.49 0.352447
0.63 0.545767
0.77 0.691931
0.91 0.803968
1.05 0.782937
1.19 0.743188
1.33 0.716733
1.47 0.587831
1.61 0.512566
1.75 0.360251
1.89 0.280688
2.03 0.178902
2.17 0.127315
2.31 0.0714947
2.45 0.0439153
2.59 0.021627
2.73 0.0121693
2.87 0.00224868
3.01 0.00337302
3.15 0.0037037
3.29 0.0021164
3.43 0
3.57 0
3.71 0
3.85 0
3.99 0
4.13 0

0.07 0.0101852
0.21 0.0746032
0.35 0.203638
0.49 0.301852
0.63 0.493519
0.77 0.660979
0.91 0.807011
1.05 0.819841
1.19 0.853968
1.33 0.722222
1.47 0.550595
1.61 0.507672
1.75 0.36541
1.89 0.259392
2.03 0.185714
2.17 0.127447
2.31 0.0694444
2.45 0.0484788
2.59 0.0374339
2.73 0.0158069
2.87 0.00608466
3.01 0.00376984
3.15 0.00595238
3.29 0.00502646
3.43 0.00185185
3.57 0.00198413
3.71 0.00297619
3.85 0
3.99 0
4.13 0

0.07 0.0128968
0.21 0.0999339
0.35 0.223214
0.49 0.407937
0.63 0.574934
0.77 0.63578
0.91 0.745899
1.05 0.729762
1.19 0.738029
1.33 0.645304
1.47 0.58459
1.61 0.555886
1.75 0.387698
1.89 0.282275
2.03 0.197354
2.17 0.136772
2.31 0.0810847
2.45 0.0523148
2.59 0.0236111
2.73 0.0187831
2.87 0.00568783
3.01 0.00310847
3.15 0
3.29 0
3.43 0
3.57 0
3.71 0
3.85 0
3.99 0
4.13 0

0.07 0.0109788
0.21 0.070172
0.35 0.16627
0.49 0.322024
0.63 0.495833
0.77 0.637897
0.91 0.741799
1.05 0.857077
1.19 0.762169
1.33 0.718452
1.47 0.569048
1.61 0.571958
1.75 0.424669
1.89 0.278836
2.03 0.193915
2.17 0.128902
2.31 0.0784392
2.45 0.0650132
2.59 0.0232804
2.73 0.0188492
2.87 0.00727513
3.01 0
3.15 0
3.29 0
3.43 0
3.57 0
3.71 0
3.85 0
3.99 0
4.13 0

0.07 0.0152116
0.21 0.0853836
0.35 0.215807
0.49 0.378704
0.63 0.531019
0.77 0.647817
0.91 0.766204
1.05 0.815344
1.19 0.744511
1.33 0.642857
1.47 0.587302
1.61 0.515476
1.75 0.382474
1.89 0.286839
2.03 0.195899
2.17 0.116005
2.31 0.108664
2.45 0.0548942
2.59 0.0345238
2.73 0.00568783
2.87 0.00449735
3.01 0.00403439
3.15 0.000661376
3.29 0.000793651
3.43 0.00138889
3.57 0.000859788
3.71 0
3.85 0
3.99 0
4.13 0

0.07 0.0134259
0.21 0.0637566
0.35 0.168519
0.49 0.294841
0.63 0.520833
0.77 0.73955
0.91 0.756151
1.05 0.765278
1.19 0.759325
1.33 0.701653
1.47 0.623677
1.61 0.490608
1.75 0.39332
1.89 0.27963
2.03 0.207077
2.17 0.121958
2.31 0.0882275
2.45 0.0796958
2.59 0.0334656
2.73 0.0187831
2.87 0.0145503
3.01 0.00469577
3.15 0.000727513
3.29 0.000859788
3.43 0.00145503
3.57 0.000793651
3.71 0
3.85 0
3.99 0
4.13 0

0.07 0.0098545
0.21 0.0888889
0.35 0.178638
0.49 0.366336
0.63 0.509325
0.77 0.670833
0.91 0.750992
1.05 0.873611
1.19 0.787169
1.33 0.656812
1.47 0.560053
1.61 0.481614
1.75 0.362698
1.89 0.289153
2.03 0.17414
2.17 0.133929
2.31 0.0910053
2.45 0.0684524
2.59 0.0331349
2.73 0.0166667
2.87 0.0126323
3.01 0.0082672
3.15 0.0042328
3.29 0.00337302
3.43 0.00310847
3.57 0.00621693
3.71 0.00171958
3.85 0
3.99 0
4.13 0

0.07 0.00740741
0.21 0.0683201
0.35 0.208664
0.49 0.384921
0.63 0.541601
0.77 0.694312
0.91 0.756481
1.05 0.756548
1.19 0.806614
1.33 0.723214
1.47 0.554762
1.61 0.45787
1.75 0.351124
1.89 0.259921
2.03 0.208796
2.17 0.146759
2.31 0.0896164
2.45 0.053836
2.59 0.0344577
2.73 0.0175926
2.87 0.0098545
3.01 0.00403439
3.15 0.00615079
3.29 0
3.43 0
3.57 0
3.71 0
3.85 0
3.99 0
4.13 0

0.07 0.00899471
0.21 0.0623677
0.35 0.201653
0.49 0.350728
0.63 0.513161
0.77 0.651852
0.91 0.812235
1.05 0.819378
1.19 0.780489
1.33 0.676984
1.47 0.577778
1.61 0.505423
1.75 0.386574
1.89 0.279365
2.03 0.186574
2.17 0.135119
2.31 0.100331
2.45 0.0535053
2.59 0.0236772
2.73 0.00641534
2.87 0.00436508
3.01 0.00165344
3.15 0.000793651
3.29 0.00112434
3.43 0.00231481
3.57 0
3.71 0
3.85 0
3.99 0
4.13 0

0.07 0.0101852
0.21 0.0820106
0.35 0.205622
0.49 0.400198
0.63 0.511772
0.77 0.67209
0.91 0.758995
1.05 0.702315
1.19 0.739021
1.33 0.692659
1.47 0.549008
1.61 0.478108
1.75 0.419775
1.89 0.316005
2.03 0.200463
2.17 0.139021
2.31 0.118915
2.45 0.0667989
2.59 0.0305556
2.73 0.0242063
2.87 0.012037
3.01 0.0100529
3.15 0.00165344
3.29 0.00138889
3.43 0
3.57 0
3.71 0
3.85 0
3.99 0
4.13 0

0.07 0.0150132
0.21 0.0702381
0.35 0.199206
0.49 0.360714
0.63 0.555093
0.77 0.660714
0.91 0.771495
1.05 0.861177
1.19 0.725
1.33 0.665476
1.47 0.562434
1.61 0.486177
1.75 0.421296
1.89 0.293915
2.03 0.19127
2.17 0.142791
2.31 0.0660053
2.45 0.0482143
2.59 0.0179894
2.73 0.0103175
2.87 0.0132937
3.01 0.00324074
3.15 0.00178571
3.29 0
3.43 0
3.57 0
3.71 0
3.85 0
3.99 0
4.13 0

0.07 0.0230159
0.21 0.102249
0.35 0.190476
0.49 0.370635
0.63 0.539749
0.77 0.65754
0.91 0.726389
1.05 0.793651
1.19 0.777447
1.33 0.70172
1.47 0.558466
1.61 0.443519
1.75 0.413889
1.89 0.292659
2.03 0.183069
2.17 0.115675
2.31 0.0959656
2.45 0.0627646
2.59 0.0353836
2.73 0.0246693
2.87 0.021627
3.01 0.00866402
3.15 0.00363757
3.29 0
3.43 0
3.57 0
3.71 0
3.85 0
3.99 0
4.13 0

0.07 0.013955
0.21 0.109193
0.35 0.216402
0.49 0.332143
0.63 0.484854
0.77 0.671296
0.91 0.758135
1.05 0.784325
1.19 0.715542
1.33 0.691402
1.47 0.598611
1.61 0.475265
1.75 0.36422
1.89 0.315212
2.03 0.225
2.17 0.168122
2.31 0.108069
2.45 0.0496693
2.59 0.0296958
2.73 0.0125
2.87 0.0103175
3.01 0.0015873
3.15 0.00304233
3.29 0.00112434
3.43 0.00284392
3.57 0.000330688
3.71 0
3.85 0
3.99 0
4.13 0

0.07 0.0157407
0.21 0.0916667
0.35 0.233069
0.49 0.393783
0.63 0.534524
0.77 0.69504
0.91 0.741865
1.05 0.777513
1.19 0.778241
1.33 0.666865
1.47 0.547024
1.61 0.463029
1.75 0.378241
1.89 0.275595
2.03 0.187566
2.17 0.143783
2.31 0.0981481
2.45 0.0414683
2.59 0.0297619
2.73 0.0196429
2.87 0.0107143
3.01 0.00436508
3.15 0.00462963
3.29 0.00628307
3.43 0.00429894
3.57 0
3.71 0
3.85 0
3.99 0
4.13 0

0.07 0.00740741
0.21 0.0646825
0.35 0.178968
0.49 0.363955
0.63 0.56164
0.77 0.659325
0.91 0.743783
1.05 0.801389
1.19 0.757804
1.33 0.66045
1.47 0.596958
1.61 0.544643
1.75 0.395304
1.89 0.298016
2.03 0.195172
2.17 0.126587
2.31 0.0854497
2.45 0.0464286
2.59 0.0263889
2.73 0.0142857
2.87 0.00654762
3.01 0.00714286
3.15 0.000529101
3.29 0
3.43 0
3.57 0
3.71 0
3.85 0
3.99 0
4.13 0

0.07 0.0160053
0.21 0.107341
0.35 0.194312
0.49 0.327712
0.63 0.529101
0.77 0.674405
0.91 0.722288
1.05 0.771164
1.19 0.76131
1.33 0.764881
1.47 0.636574
1.61 0.526389
1.75 0.374008
1.89 0.249339
2.03 0.178307
2.17 0.108929
2.31 0.0815476
2.45 0.0478836
2.59 0.0345238
2.73 0.0166667
2.87 0.00608466
3.01 0.0031746
3.15 0.00522487
3.29 0.00462963
3.43 0.0010582
3.57 0
3.71 0
3.85 0
3.99 0
4.13 0

0.07 0.00456349
0.21 0.080754
0.35 0.206878
0.49 0.376058
0.63 0.567857
0.77 0.684392
0.91 0.812632
1.05 0.730952
1.19 0.720966
1.33 0.696759
1.47 0.547817
1.61 0.48082
1.75 0.422222
1.89 0.293452
2.03 0.208003
2.17 0.138095
2.31 0.0722222
2.45 0.0330026
2.59 0.0187831
2.73 0.0242063
2.87 0.0101852
3.01 0.00396825
3.15 0.00238095
3.29 0.00502646
3.43 0.000859788
3.57 0
3.71 0
3.85 0
3.99 0
4.13 0

0.07 0.0210979
0.21 0.0869048
0.35 0.189815
0.49 0.366071
0.63 0.522751
0.77 0.638624
0.91 0.791601
1.05 0.784061
1.19 0.81078
1.33 0.726653
1.47 0.566138
1.61 0.4625
1.75 0.352447
1.89 0.280291
2.03 0.207937
2.17 0.118981
2.31 0.0777116
2.45 0.0617063
2.59 0.0236772
2.73 0.0323413
2.87 0.0156746
3.01 0.00238095
3.15 0.00218254
3.29 0.000529101
3.43 0
3.57 0
3.71 0
3.85 0
3.99 0
4.13 0

