# VELOCITY:     AVE_POFV:        ERROR:
        0.07   0.0146164           0
        0.21   0.0943783           0
        0.35    0.235714           0
        0.49    0.410648           0
        0.63    0.562434           0
        0.77    0.647553           0
        0.91    0.704233           0
        1.05    0.732275           0
        1.19    0.686574           0
        1.33    0.672487           0
        1.47    0.586111           0
        1.61    0.507077           0
        1.75     0.40582           0
        1.89    0.287302           0
        2.03     0.18922           0
        2.17    0.139153           0
        2.31   0.0989418           0
        2.45   0.0706349           0
        2.59   0.0462963           0
        2.73   0.0204365           0
        2.87   0.0135582           0
        3.01  0.00760582           0
        3.15  0.00747354           0
        3.29  0.00231481           0
        3.43           0           0
        3.57           0           0
        3.71           0           0
        3.85           0           0
        3.99           0           0
        4.13           0           0

        0.07   0.0169643   0.0016602
        0.21   0.0947421 0.000257215
        0.35    0.218287   0.0123229
        0.49    0.395899   0.0104289
        0.63    0.570073  0.00540151
        0.77    0.677513   0.0211851
        0.91    0.751488   0.0334145
        1.05    0.741038  0.00619654
        1.19    0.705489   0.0133752
        1.33    0.686938   0.0102184
        1.47    0.583201  0.00205772
        1.61    0.493849  0.00935326
        1.75    0.373876   0.0225881
        1.89    0.280093  0.00509753
        2.03    0.175033   0.0100314
        2.17    0.128175  0.00776321
        2.31   0.0871032  0.00837117
        2.45   0.0589286  0.00827764
        2.59   0.0477844  0.00105224
        2.73   0.0234127  0.00210448
        2.87   0.0140212 0.000327364
        3.01   0.0116071  0.00282936
        3.15  0.00618386 0.000911943
        3.29  0.00115741 0.000818411
        3.43           0           0
        3.57           0           0
        3.71           0           0
        3.85           0           0
        3.99           0           0
        4.13           0           0

        0.07    0.014881  0.00202942
        0.21   0.0844136  0.00843491
        0.35    0.204101   0.0142008
        0.49    0.374361   0.0189108
        0.63    0.551499    0.015587
        0.77     0.66616    0.016894
        0.91    0.747134   0.0225583
        1.05     0.77996    0.032047
        1.19    0.747729   0.0356227
        1.33    0.701036   0.0133759
        1.47     0.56649   0.0137131
        1.61    0.487809   0.0079503
        1.75    0.386287   0.0181513
        1.89    0.288514  0.00767008
        2.03    0.188558   0.0129103
        2.17    0.133752  0.00689386
        2.31   0.0847443  0.00590379
        2.45   0.0532628  0.00720096
        2.59    0.037985  0.00803186
        2.73   0.0201499  0.00301091
        2.87   0.0108245  0.00261916
        3.01  0.00831129  0.00328629
        3.15  0.00412257  0.00178948
        3.29 0.000771605 0.000630013
        3.43           0           0
        3.57           0           0
        3.71           0           0
        3.85           0           0
        3.99           0           0
        4.13           0           0

        0.07   0.0136739  0.00184644
        0.21   0.0816964  0.00674965
        0.35    0.200595   0.0110748
        0.49    0.369659   0.0147559
        0.63    0.542146   0.0142222
        0.77    0.656597   0.0151368
        0.91    0.753753   0.0178635
        1.05    0.771825   0.0250465
        1.19     0.72996   0.0308318
        1.33     0.69585   0.0109915
        1.47    0.575479   0.0128989
        1.61     0.51121   0.0211254
        1.75    0.402976   0.0198547
        1.89    0.299372    0.011023
        2.03    0.200182   0.0139674
        2.17    0.132705  0.00524932
        2.31   0.0793981  0.00640637
        2.45    0.050711  0.00583537
        2.59    0.033664  0.00709158
        2.73    0.019246  0.00239001
        2.87   0.0112765  0.00200298
        3.01  0.00720899  0.00264312
        3.15  0.00309193  0.00161181
        3.29 0.000578704 0.000501172
        3.43           0           0
        3.57           0           0
        3.71           0           0
        3.85           0           0
        3.99           0           0
        4.13           0           0

        0.07   0.0122487  0.00195117
        0.21   0.0825132  0.00544892
        0.35    0.203016  0.00912051
        0.49    0.362553   0.0134072
        0.63    0.519577   0.0231723
        0.77    0.647817   0.0144328
        0.91    0.750529   0.0145788
        1.05    0.770119   0.0200952
        1.19    0.743638   0.0275325
        1.33    0.698717  0.00915951
        1.47    0.588307   0.0154311
        1.61    0.513082    0.016983
        1.75    0.404246   0.0159243
        1.89    0.302804  0.00933759
        2.03    0.200767   0.0111862
        2.17    0.136548  0.00542659
        2.31   0.0815476  0.00547383
        2.45   0.0511376  0.00468386
        2.59   0.0327116  0.00573686
        2.73   0.0188228  0.00194913
        2.87   0.0114418   0.0016092
        3.01  0.00669312  0.00216426
        3.15   0.0035582  0.00135521
        3.29 0.000462963 0.000414087
        3.43           0           0
        3.57           0           0
        3.71           0           0
        3.85           0           0
        3.99           0           0
        4.13           0           0

        0.07   0.0109458  0.00201456
        0.21   0.0799052  0.00512706
        0.35    0.204861  0.00778485
        0.49    0.365961   0.0115978
        0.63    0.526896   0.0204335
        0.77    0.652745   0.0128409
        0.91    0.759292   0.0145463
        1.05     0.77478    0.017278
        1.19    0.743034   0.0229504
        1.33    0.686188   0.0137502
        1.47    0.586265   0.0129935
        1.61    0.505809   0.0156325
        1.75    0.400562   0.0136898
        1.89    0.298578  0.00868521
        2.03    0.203604  0.00967495
        2.17    0.138679  0.00492313
        2.31   0.0815035   0.0045617
        2.45     0.05097  0.00390621
        2.59    0.031746   0.0048613
        2.73   0.0178571  0.00184804
        2.87   0.0121142   0.0014748
        3.01  0.00691138  0.00181452
        3.15  0.00326279  0.00116109
        3.29 0.000385802 0.000352188
        3.43           0           0
        3.57           0           0
        3.71           0           0
        3.85           0           0
        3.99           0           0
        4.13           0           0

        0.07   0.0103269  0.00181934
        0.21   0.0772581  0.00503177
        0.35    0.201956  0.00719447
        0.49    0.364418   0.0100431
        0.63    0.521192   0.0182932
        0.77     0.64778   0.0119278
        0.91     0.75428   0.0133038
        1.05    0.783428   0.0168356
        1.19    0.758324   0.0242358
        1.33    0.686914    0.011805
        1.47    0.591799   0.0122591
        1.61    0.509231   0.0137687
        1.75    0.398545   0.0118818
        1.89    0.295106  0.00810889
        2.03    0.202806  0.00832569
        2.17    0.136489  0.00468182
        2.31   0.0832294  0.00422391
        2.45    0.050359  0.00339563
        2.59   0.0312831  0.00418881
        2.73   0.0174509  0.00162808
        2.87   0.0109599  0.00165529
        3.01  0.00659486  0.00158267
        3.15  0.00279667  0.00108475
        3.29 0.000330688 0.000306157
        3.43           0           0
        3.57           0           0
        3.71           0           0
        3.85           0           0
        3.99           0           0
        4.13           0           0

        0.07   0.0100529  0.00161242
        0.21   0.0786293  0.00458582
        0.35    0.201653  0.00630151
        0.49     0.36374  0.00881058
        0.63    0.525554   0.0165183
        0.77    0.647338    0.010445
        0.91    0.748909   0.0126788
        1.05    0.780398   0.0150012
        1.19    0.760036   0.0212667
        1.33    0.686367   0.0103421
        1.47    0.589435   0.0109524
        1.61    0.507788    0.012123
        1.75    0.400198    0.010511
        1.89    0.300843  0.00889642
        2.03    0.206961  0.00825687
        2.17    0.134251  0.00460052
        2.31   0.0830109  0.00370157
        2.45    0.048917  0.00326304
        2.59   0.0309524  0.00367824
        2.73   0.0178406  0.00147048
        2.87   0.0110946  0.00145384
        3.01  0.00615079  0.00144579
        3.15  0.00244709  0.00100391
        3.29 0.000289352 0.000270664
        3.43           0           0
        3.57           0           0
        3.71           0           0
        3.85           0           0
        3.99           0           0
        4.13           0           0

        0.07   0.0103983  0.00146979
        0.21   0.0787331  0.00407746
        0.35    0.201117  0.00562413
        0.49     0.36261  0.00790374
        0.63    0.529946   0.0152556
        0.77    0.656055   0.0123995
        0.91    0.752153   0.0116778
        1.05    0.777094   0.0136934
        1.19    0.757099   0.0191056
        1.33    0.681092   0.0104522
        1.47    0.591057  0.00985483
        1.61    0.509818   0.0109446
        1.75     0.39756  0.00966849
        1.89    0.297619  0.00847206
        2.03    0.202844  0.00830266
        2.17    0.133451  0.00415834
        2.31     0.08398  0.00341479
        2.45   0.0493827  0.00293353
        2.59   0.0305482  0.00329168
        2.73   0.0185112  0.00145196
        2.87   0.0123751  0.00176848
        3.01  0.00641534  0.00130913
        3.15  0.00274103 0.000934409
        3.29 0.000257202 0.000242492
        3.43           0           0
        3.57           0           0
        3.71           0           0
        3.85           0           0
        3.99           0           0
        4.13           0           0

        0.07   0.0103638  0.00132322
        0.21   0.0792063  0.00369707
        0.35    0.200119  0.00514949
        0.49    0.359828  0.00758726
        0.63     0.52582   0.0142769
        0.77    0.659253   0.0115645
        0.91    0.759649     0.01269
        1.05    0.781468   0.0130039
        1.19      0.7583   0.0172328
        1.33    0.684636  0.00998979
        1.47    0.591481  0.00887849
        1.61     0.50586   0.0105416
        1.75    0.397712  0.00870283
        1.89    0.295007  0.00801753
        2.03    0.200291  0.00785508
        2.17    0.131918  0.00401512
        2.31    0.082123  0.00354243
        2.45   0.0492593  0.00264277
        2.59   0.0306349  0.00296365
        2.73   0.0191071  0.00142383
        2.87   0.0120437  0.00162239
        3.01  0.00607804  0.00122089
        3.15  0.00246693 0.000880253
        3.29 0.000231481 0.000219603
        3.43           0           0
        3.57           0           0
        3.71           0           0
        3.85           0           0
        3.99           0           0
        4.13           0           0

        0.07   0.0107985  0.00127233
        0.21   0.0818783   0.0042174
        0.35    0.204371  0.00619285
        0.49    0.363462  0.00771886
        0.63    0.524339   0.0130557
        0.77     0.65968   0.0105211
        0.91     0.75499   0.0123621
        1.05    0.781079   0.0118275
        1.19    0.757955   0.0156696
        1.33    0.682906  0.00923018
        1.47    0.597102  0.00968839
        1.61    0.503223  0.00990761
        1.75    0.393146  0.00903031
        1.89    0.294583  0.00729986
        2.03    0.201299  0.00720533
        2.17    0.131818  0.00365135
        2.31   0.0806818  0.00350131
        2.45   0.0489418  0.00242151
        2.59   0.0301106  0.00274021
        2.73   0.0184704  0.00142969
        2.87   0.0117184  0.00150716
        3.01  0.00653559  0.00119256
        3.15  0.00309043 0.000996883
        3.29 0.000679413 0.000471443
        3.43           0           0
        3.57           0           0
        3.71           0           0
        3.85           0           0
        3.99           0           0
        4.13           0           0

        0.07   0.0114418  0.00131896
        0.21   0.0819389  0.00386639
        0.35    0.205236  0.00573684
        0.49    0.362009  0.00721099
        0.63    0.524509   0.0119688
        0.77     0.65787  0.00979872
        0.91    0.749427   0.0125214
        1.05    0.781608   0.0108538
        1.19    0.761194   0.0146948
        1.33    0.685918  0.00893887
        1.47    0.601725  0.00992294
        1.61    0.504249  0.00913501
        1.75    0.392631  0.00829243
        1.89    0.292852  0.00689374
        2.03    0.201141  0.00660662
        2.17    0.130886  0.00346396
        2.31   0.0788029  0.00367929
        2.45   0.0490796  0.00222363
        2.59   0.0310626  0.00267211
        2.73   0.0178792  0.00142757
        2.87    0.011304  0.00143739
        3.01   0.0066358  0.00109739
        3.15  0.00283289 0.000946491
        3.29 0.000622795 0.000435542
        3.43           0           0
        3.57           0           0
        3.71           0           0
        3.85           0           0
        3.99           0           0
        4.13           0           0

        0.07   0.0116453   0.0012331
        0.21   0.0825142  0.00361152
        0.35    0.204645   0.0053259
        0.49    0.363609  0.00683141
        0.63    0.526465   0.0112068
        0.77    0.661818  0.00980809
        0.91    0.746362   0.0119273
        1.05    0.778103   0.0105696
        1.19    0.765873     0.01429
        1.33    0.688283  0.00855847
        1.47    0.599802  0.00934421
        1.61    0.504391  0.00843341
        1.75     0.39332  0.00768312
        1.89    0.292954  0.00636421
        2.03    0.197792  0.00689513
        2.17    0.131019  0.00320003
        2.31   0.0772843  0.00369641
        2.45    0.048082  0.00226533
        2.59   0.0308608  0.00247418
        2.73   0.0175977  0.00134523
        2.87   0.0107448  0.00143147
        3.01  0.00637464  0.00104358
        3.15  0.00274217 0.000878022
        3.29 0.000574888 0.000404665
        3.43           0           0
        3.57           0           0
        3.71           0           0
        3.85           0           0
        3.99           0           0
        4.13           0           0

        0.07   0.0122213  0.00127245
        0.21   0.0837254  0.00355085
        0.35    0.206538  0.00527127
        0.49    0.366922  0.00710137
        0.63    0.528335   0.0105612
        0.77    0.663539  0.00925727
        0.91    0.748143   0.0112076
        1.05    0.774509    0.010408
        1.19    0.762439   0.0136758
        1.33    0.684018  0.00894703
        1.47    0.595441  0.00964058
        1.61    0.499953  0.00892255
        1.75    0.391766  0.00728984
        1.89    0.293188  0.00591392
        2.03    0.201507  0.00733544
        2.17    0.133919  0.00407947
        2.31   0.0800028  0.00431785
        2.45   0.0483088  0.00211484
        2.59   0.0305603  0.00231563
        2.73    0.017706  0.00125349
        2.87   0.0107568  0.00132927
        3.01  0.00627834 0.000973476
        3.15   0.0025463 0.000836868
        3.29 0.000533825 0.000377838
        3.43           0           0
        3.57           0           0
        3.71           0           0
        3.85           0           0
        3.99           0           0
        4.13           0           0

        0.07   0.0119797  0.00121033
        0.21   0.0832231  0.00334947
        0.35    0.204312  0.00536932
        0.49    0.367249  0.00663547
        0.63    0.529303  0.00990136
        0.77    0.664744  0.00871819
        0.91    0.747372   0.0104869
        1.05    0.772831  0.00984845
        1.19    0.760119   0.0129593
        1.33    0.686918  0.00880791
        1.47     0.59739  0.00919269
        1.61    0.501856  0.00852834
        1.75    0.393192  0.00694199
        1.89    0.292222  0.00559794
        2.03     0.20175  0.00685045
        2.17    0.135454  0.00408611
        2.31   0.0789683  0.00415209
        2.45      0.0475  0.00212287
        2.59   0.0297619  0.00229476
        2.73   0.0174162  0.00120295
        2.87   0.0102249  0.00134288
        3.01  0.00613757   0.0009187
        3.15  0.00243386 0.000788594
        3.29 0.000498236 0.000354321
        3.43           0           0
        3.57           0           0
        3.71           0           0
        3.85           0           0
        3.99           0           0
        4.13           0           0

        0.07   0.0121734  0.00115008
        0.21   0.0828869  0.00315696
        0.35    0.203811  0.00505706
        0.49    0.367237  0.00622076
        0.63    0.531816  0.00959612
        0.77    0.669688  0.00947201
        0.91    0.753869   0.0116717
        1.05    0.772197  0.00925326
        1.19    0.757283   0.0124557
        1.33    0.685801  0.00832793
        1.47    0.594932  0.00894061
        1.61     0.50136  0.00800975
        1.75    0.390203  0.00712254
        1.89    0.290435  0.00552605
        2.03    0.200583  0.00652104
        2.17    0.134317  0.00398579
        2.31   0.0796379  0.00394622
        2.45   0.0477059  0.00200015
        2.59    0.029766  0.00215134
        2.73   0.0174148  0.00112776
        2.87   0.0102761  0.00125993
        3.01  0.00648975  0.00092633
        3.15  0.00250496 0.000742505
        3.29 0.000467097 0.000333542
        3.43           0           0
        3.57           0           0
        3.71           0           0
        3.85           0           0
        3.99           0           0
        4.13           0           0

        0.07   0.0118542  0.00112587
        0.21   0.0825241  0.00299203
        0.35    0.203245  0.00479122
        0.49    0.366667  0.00588093
        0.63    0.533038  0.00910904
        0.77    0.668694  0.00896691
        0.91    0.751498   0.0112235
        1.05    0.771078  0.00877635
        1.19    0.757135   0.0117239
        1.33    0.685216  0.00785856
        1.47     0.59525  0.00842033
        1.61    0.503124  0.00773041
        1.75    0.393935  0.00761855
        1.89    0.290978  0.00522762
        2.03    0.200393  0.00614022
        2.17    0.133746  0.00379207
        2.31   0.0792639  0.00373176
        2.45   0.0482571  0.00195697
        2.59   0.0304388   0.0021274
        2.73   0.0170401  0.00112195
        2.87   0.0102358  0.00118646
        3.01  0.00635699 0.000881302
        3.15  0.00245098 0.000700787
        3.29  0.00043962 0.000315051
        3.43           0           0
        3.57           0           0
        3.71           0           0
        3.85           0           0
        3.99           0           0
        4.13           0           0

        0.07   0.0121693  0.00110655
        0.21   0.0822274  0.00284048
        0.35    0.204512  0.00468968
        0.49    0.367688  0.00564222
        0.63     0.53211  0.00865011
        0.77    0.670826  0.00871861
        0.91    0.750845   0.0106189
        1.05    0.766939  0.00921358
        1.19    0.756015    0.011126
        1.33    0.686791  0.00757807
        1.47    0.597902   0.0083598
        1.61    0.502348   0.0073398
        1.75    0.392883  0.00726756
        1.89    0.291031  0.00493746
        2.03    0.199092  0.00593522
        2.17     0.13341  0.00359618
        2.31   0.0788507  0.00354725
        2.45   0.0483355  0.00184983
        2.59   0.0311839  0.00213568
        2.73   0.0172546  0.00107991
        2.87   0.0104277  0.00113596
        3.01  0.00644106 0.000836342
        3.15  0.00271531 0.000709959
        3.29 0.000859788 0.000505241
        3.43           0           0
        3.57           0           0
        3.71           0           0
        3.85           0           0
        3.99           0           0
        4.13           0           0

        0.07   0.0122807   0.0010539
        0.21   0.0827729  0.00274287
        0.35    0.205646  0.00457791
        0.49    0.368223  0.00537052
        0.63    0.531429  0.00822157
        0.77    0.668372  0.00859807
        0.91    0.751184   0.0100654
        1.05     0.76595  0.00878157
        1.19     0.75479   0.0106076
        1.33    0.687813  0.00724787
        1.47    0.598639  0.00795223
        1.61    0.506227  0.00791261
        1.75    0.394639  0.00709415
        1.89    0.288962  0.00509269
        2.03    0.199147  0.00562309
        2.17    0.132157  0.00361885
        2.31   0.0788673  0.00336059
        2.45   0.0484962  0.00175943
        2.59   0.0304128  0.00215797
        2.73   0.0166632  0.00117388
        2.87   0.0102618  0.00108822
        3.01  0.00643623 0.000792338
        3.15  0.00267335 0.000673832
        3.29 0.000814536 0.000480672
        3.43           0           0
        3.57           0           0
        3.71           0           0
        3.85           0           0
        3.99           0           0
        4.13           0           0

        0.07   0.0123049  0.00100148
        0.21   0.0826753  0.00260746
        0.35    0.208664  0.00525039
        0.49    0.370188  0.00544993
        0.63    0.531035  0.00781993
        0.77    0.670536  0.00843595
        0.91    0.752397  0.00963505
        1.05    0.766445  0.00835646
        1.19    0.753753   0.0101278
        1.33    0.686141  0.00707579
        1.47    0.599167   0.0075721
        1.61    0.502788  0.00823072
        1.75    0.393191  0.00688568
        1.89    0.286901  0.00523834
        2.03    0.198343   0.0053991
        2.17    0.131865  0.00344965
        2.31   0.0797388  0.00330362
        2.45   0.0498413  0.00212425
        2.59   0.0303009  0.00205297
        2.73   0.0166534  0.00111522
        2.87   0.0102216  0.00103456
        3.01   0.0063922 0.000753943
        3.15  0.00253968 0.000653264
        3.29  0.00077381  0.00045836
        3.43           0           0
        3.57           0           0
        3.71           0           0
        3.85           0           0
        3.99           0           0
        4.13           0           0

        0.07   0.0122795 0.000954113
        0.21   0.0846151  0.00312261
        0.35    0.209174   0.0050251
        0.49    0.371151  0.00527479
        0.63    0.528852  0.00774635
        0.77     0.66866  0.00824008
        0.91     0.75285  0.00918687
        1.05    0.769359  0.00845145
        1.19    0.752091  0.00978092
        1.33    0.686511  0.00674853
        1.47     0.59748  0.00739689
        1.61    0.501458  0.00794544
        1.75    0.391947  0.00666925
        1.89    0.288281  0.00516738
        2.03    0.199049   0.0051879
        2.17    0.131469  0.00330805
        2.31   0.0793304  0.00317144
        2.45   0.0497134  0.00202694
        2.59   0.0307666  0.00200733
        2.73   0.0175013  0.00134635
        2.87   0.0105064  0.00102376
        3.01  0.00623898 0.000733445
        3.15  0.00250378 0.000623142
        3.29 0.000825145 0.000439399
        3.43 5.35399e-05 5.22496e-05
        3.57 7.55858e-05 7.37642e-05
        3.71 0.000113379 0.000110646
        3.85           0           0
        3.99           0           0
        4.13           0           0

        0.07   0.0121934 0.000914628
        0.21   0.0839015  0.00306113
        0.35    0.207555  0.00505092
        0.49    0.372123  0.00512373
        0.63    0.530685  0.00760805
        0.77    0.668007  0.00789134
        0.91     0.75358  0.00879826
        1.05    0.772057  0.00848686
        1.19    0.754714  0.00968155
        1.33    0.687936  0.00659047
        1.47    0.596483  0.00712765
        1.61    0.501013  0.00759674
        1.75    0.389926  0.00666526
        1.89    0.285155  0.00580145
        2.03     0.19688   0.0053866
        2.17    0.131707  0.00316624
        2.31   0.0808622  0.00337699
        2.45   0.0492845  0.00197966
        2.59   0.0309313  0.00192283
        2.73   0.0171236  0.00133707
        2.87   0.0104588 0.000978334
        3.01  0.00643338 0.000725413
        3.15  0.00254028 0.000595885
        3.29  0.00103716 0.000467787
        3.43 9.01876e-05 6.13961e-05
        3.57 7.21501e-05 7.04912e-05
        3.71 0.000108225 0.000105737
        3.85           0           0
        3.99           0           0
        4.13           0           0

        0.07   0.0121434 0.000876223
        0.21   0.0842823  0.00295162
        0.35    0.207911  0.00484384
        0.49    0.372168  0.00490115
        0.63    0.532304  0.00744755
        0.77     0.66918  0.00763484
        0.91    0.752904  0.00844167
        1.05    0.771081  0.00817382
        1.19    0.753778  0.00930569
        1.33    0.687963  0.00630399
        1.47    0.595836  0.00684701
        1.61    0.499597  0.00739718
        1.75    0.389634  0.00638187
        1.89     0.28503  0.00555056
        2.03    0.196854  0.00515246
        2.17    0.132126  0.00305613
        2.31   0.0815505  0.00329957
        2.45   0.0495917  0.00191727
        2.59   0.0309409  0.00183926
        2.73    0.017006   0.0012841
        2.87   0.0106539 0.000955062
        3.01  0.00644985  0.00069406
        3.15  0.00247585 0.000573451
        3.29  0.00106683 0.000448388
        3.43 0.000158155 8.86992e-05
        3.57 6.90131e-05 6.74962e-05
        3.71  0.00010352 0.000101244
        3.85           0           0
        3.99           0           0
        4.13           0           0

        0.07   0.0119626 0.000858164
        0.21   0.0844218  0.00283194
        0.35    0.209287  0.00483356
        0.49    0.373633  0.00491117
        0.63    0.532245  0.00713747
        0.77    0.669345  0.00731851
        0.91     0.75299  0.00809037
        1.05    0.773234  0.00811183
        1.19    0.754401  0.00893874
        1.33    0.686337  0.00624747
        1.47    0.594643   0.0066649
        1.61    0.498366  0.00719075
        1.75    0.388437  0.00622715
        1.89    0.284538  0.00534108
        2.03    0.196792  0.00493814
        2.17    0.132259  0.00293168
        2.31   0.0812087  0.00317974
        2.45   0.0492367  0.00186996
        2.59   0.0309799  0.00176304
        2.73   0.0172371  0.00125122
        2.87   0.0106316 0.000915527
        3.01  0.00662202 0.000686164
        3.15  0.00271164 0.000596067
        3.29  0.00102238 0.000431903
        3.43 0.000151565 8.52479e-05
        3.57 6.61376e-05  6.4745e-05
        3.71 9.92063e-05 9.71176e-05
        3.85           0           0
        3.99           0           0
        4.13           0           0

        0.07   0.0121217 0.000838449
        0.21   0.0848016    0.002744
        0.35    0.210063   0.0047022
        0.49    0.372664   0.0048094
        0.63    0.531397  0.00690216
        0.77    0.669365   0.0070258
        0.91    0.751013   0.0080046
        1.05    0.773952  0.00781914
        1.19     0.75413  0.00858531
        1.33    0.685929  0.00601091
        1.47    0.594148  0.00641663
        1.61    0.499587   0.0070061
        1.75    0.388368  0.00597845
        1.89    0.284508  0.00512752
        2.03    0.197704  0.00482398
        2.17    0.132765  0.00285774
        2.31   0.0816614  0.00308461
        2.45   0.0491852  0.00179587
        2.59   0.0309048  0.00169412
        2.73   0.0173571  0.00120692
        2.87   0.0107619 0.000888129
        3.01  0.00649206 0.000670912
        3.15  0.00269312 0.000572512
        3.29 0.000981481 0.000416558
        3.43 0.000145503 8.20532e-05
        3.57 6.34921e-05 6.22093e-05
        3.71 9.52381e-05 9.33139e-05
        3.85           0           0
        3.99           0           0
        4.13           0           0

        0.07   0.0119378 0.000826115
        0.21   0.0847858  0.00263851
        0.35    0.209725  0.00453353
        0.49    0.372347  0.00463486
        0.63    0.530723  0.00666946
        0.77    0.667567  0.00698183
        0.91    0.750191  0.00773887
        1.05    0.773331  0.00754303
        1.19    0.758692  0.00938943
        1.33    0.686482  0.00580519
        1.47    0.593778  0.00618051
        1.61    0.499323   0.0067416
        1.75    0.388141  0.00575281
        1.89    0.284432  0.00493086
        2.03    0.197563   0.0046405
        2.17    0.133036  0.00276066
        2.31   0.0814306  0.00297459
        2.45   0.0499873  0.00189749
        2.59   0.0311457    0.001646
        2.73   0.0173738  0.00116061
        2.87   0.0105744 0.000873543
        3.01  0.00639245 0.000652461
        3.15  0.00266077 0.000551406
        3.29 0.000943732 0.000402244
        3.43 0.000139906  7.9088e-05
        3.57 6.10501e-05 5.98645e-05
        3.71 9.15751e-05 8.97968e-05
        3.85           0           0
        3.99           0           0
        4.13           0           0

        0.07   0.0123359 0.000886242
        0.21   0.0856873   0.0026904
        0.35     0.21067  0.00446311
        0.49     0.37243  0.00446396
        0.63    0.531016  0.00642886
        0.77    0.666963  0.00674933
        0.91    0.749378  0.00749482
        1.05    0.771279  0.00753765
        1.19    0.758696  0.00904167
        1.33    0.683963  0.00611258
        1.47    0.593185  0.00597994
        1.61    0.499544  0.00649553
        1.75    0.389599  0.00572157
        1.89    0.284957  0.00477612
        2.03    0.198283   0.0045241
        2.17    0.133715  0.00274083
        2.31    0.081795  0.00288666
        2.45   0.0507471  0.00197349
        2.59   0.0309671   0.0015947
        2.73   0.0171811  0.00113352
        2.87    0.010484  0.00084585
        3.01  0.00621203 0.000652764
        3.15  0.00257692 0.000537321
        3.29 0.000908779 0.000388861
        3.43 0.000134725 7.63283e-05
        3.57 5.87889e-05   5.769e-05
        3.71 8.81834e-05  8.6535e-05
        3.85           0           0
        3.99           0           0
        4.13           0           0

        0.07   0.0122189 0.000862274
        0.21   0.0854592  0.00260397
        0.35    0.209925  0.00436542
        0.49    0.369494  0.00518106
        0.63    0.531451  0.00621394
        0.77    0.667609  0.00653913
        0.91    0.750583  0.00732347
        1.05    0.771781   0.0072851
        1.19    0.755974  0.00911935
        1.33    0.685646  0.00612156
        1.47    0.594307   0.0058707
        1.61    0.498032  0.00643712
        1.75    0.389498  0.00551812
        1.89    0.284474  0.00462992
        2.03    0.198767  0.00438836
        2.17     0.13524  0.00303725
        2.31   0.0821452  0.00280472
        2.45   0.0509826  0.00191701
        2.59   0.0312051  0.00155541
        2.73   0.0172241  0.00109386
        2.87   0.0106056 0.000824335
        3.01  0.00617441 0.000630534
        3.15  0.00260535 0.000518882
        3.29 0.000949546 0.000377104
        3.43  0.00025274 0.000137286
        3.57 0.000127551 8.74872e-05
        3.71 0.000125189 9.10136e-05
        3.85           0           0
        3.99           0           0
        4.13           0           0

        0.07   0.0121488 0.000835387
        0.21   0.0850369  0.00254818
        0.35    0.209715  0.00421994
        0.49    0.370051  0.00503226
        0.63    0.533377  0.00629103
        0.77    0.668236   0.0063436
        0.91    0.751551  0.00713455
        1.05    0.771969  0.00703633
        1.19    0.754568  0.00891256
        1.33    0.684353  0.00604549
        1.47    0.593534  0.00571892
        1.61    0.497594  0.00623006
        1.75    0.389293  0.00533168
        1.89    0.284198  0.00447852
        2.03    0.198105   0.0042867
        2.17    0.135194  0.00293286
        2.31   0.0828932  0.00280597
        2.45   0.0513273  0.00188164
        2.59   0.0312169  0.00150182
        2.73     0.01723  0.00105615
        2.87   0.0107918 0.000816667
        3.01  0.00608009 0.000615805
        3.15  0.00269568 0.000508791
        3.29 0.000994344 0.000366752
        3.43 0.000367178 0.000173823
        3.57 0.000216658 0.000121661
        3.71 0.000120872 8.79775e-05
        3.85           0           0
        3.99           0           0
        4.13           0           0

        0.07   0.0120877 0.000809769
        0.21   0.0852844  0.00247523
        0.35    0.209707  0.00407928
        0.49    0.368677  0.00504857
        0.63    0.531746  0.00628911
        0.77    0.669854  0.00633532
        0.91    0.754017  0.00731048
        1.05    0.775013  0.00743117
        1.19     0.75453  0.00861555
        1.33    0.684067   0.0058507
        1.47    0.593148  0.00554133
        1.61    0.496693  0.00608717
        1.75    0.388232  0.00525839
        1.89    0.283294  0.00441954
        2.03    0.197665  0.00416628
        2.17    0.135029  0.00283977
        2.31   0.0830159  0.00271512
        2.45   0.0511023  0.00183232
        2.59   0.0313668  0.00145923
        2.73   0.0171737  0.00102244
        2.87   0.0105489 0.000824773
        3.01  0.00631173 0.000637355
        3.15  0.00264991 0.000493886
        3.29 0.000961199 0.000356022
        3.43 0.000354938 0.000168459
        3.57 0.000209436  0.00011782
        3.71 0.000116843 8.51372e-05
        3.85           0           0
        3.99           0           0
        4.13           0           0

        0.07   0.0120797 0.000783687
        0.21    0.085134  0.00239995
        0.35    0.210183   0.0039754
        0.49    0.369289   0.0049226
        0.63      0.5322  0.00610263
        0.77     0.67069  0.00618585
        0.91     0.75403  0.00707467
        1.05    0.776071  0.00726634
        1.19     0.75445    0.008338
        1.33    0.683146  0.00573414
        1.47    0.590796  0.00584041
        1.61     0.49603  0.00592686
        1.75    0.387814  0.00510538
        1.89    0.282881  0.00429619
        2.03    0.197075  0.00407349
        2.17    0.135025  0.00274817
        2.31   0.0833205  0.00264457
        2.45   0.0515148  0.00181905
        2.59   0.0320874  0.00158007
        2.73   0.0174795  0.00103418
        2.87   0.0107356 0.000819021
        3.01  0.00637054 0.000619503
        3.15  0.00264764 0.000477959
        3.29 0.000985663 0.000345376
        3.43 0.000465096 0.000195756
        3.57 0.000243216 0.000118763
        3.71 0.000113074 8.24742e-05
        3.85           0           0
        3.99           0           0
        4.13           0           0

        0.07     0.01219 0.000766916
        0.21   0.0858982   0.0024436
        0.35    0.210892  0.00391388
        0.49    0.368612  0.00481512
        0.63    0.532726  0.00593449
        0.77    0.670228  0.00600982
        0.91    0.752464  0.00702487
        1.05    0.777594  0.00719708
        1.19    0.755351  0.00812592
        1.33    0.682914  0.00555963
        1.47    0.589976  0.00571519
        1.61    0.495118   0.0058113
        1.75    0.387849  0.00494596
        1.89    0.283199  0.00417368
        2.03     0.19734  0.00395481
        2.17    0.135251  0.00267157
        2.31   0.0830336  0.00257744
        2.45   0.0512008  0.00178909
        2.59   0.0320126  0.00153246
        2.73    0.017512  0.00100237
        2.87   0.0105737 0.000809266
        3.01  0.00627687 0.000607184
        3.15   0.0026455 0.000463028
        3.29  0.00108507 0.000348596
        3.43 0.000498099 0.000192401
        3.57 0.000307953 0.000131518
        3.71  0.00010954 7.99725e-05
        3.85           0           0
        3.99           0           0
        4.13           0           0

        0.07   0.0122194 0.000744241
        0.21   0.0856862  0.00237873
        0.35    0.210732  0.00379853
        0.49    0.368122  0.00469406
        0.63    0.533121   0.0057678
        0.77    0.670885  0.00586358
        0.91    0.754024  0.00698322
        1.05    0.777756   0.0069808
        1.19    0.754982  0.00788804
        1.33    0.683939  0.00548479
        1.47    0.589911  0.00554238
        1.61    0.495647   0.0056592
        1.75    0.387013  0.00486627
        1.89    0.283123   0.0040479
        2.03    0.196781  0.00387423
        2.17    0.135011  0.00260142
        2.31    0.082684  0.00252294
        2.45     0.05098  0.00174844
        2.59   0.0316979  0.00151799
        2.73   0.0173501 0.000984986
        2.87   0.0103215 0.000823125
        3.01  0.00618887 0.000595127
        3.15  0.00267757 0.000450105
        3.29  0.00111632  0.00033943
        3.43 0.000483005 0.000187162
        3.57 0.000298621 0.000127863
        3.71 0.000106221  7.7618e-05
        3.85           0           0
        3.99           0           0
        4.13           0           0

        0.07   0.0121596 0.000724752
        0.21   0.0853603    0.002331
        0.35    0.210524  0.00369254
        0.49    0.366173  0.00494413
        0.63    0.531956  0.00571455
        0.77    0.670594  0.00569836
        0.91    0.755583  0.00694955
        1.05    0.778994  0.00688435
        1.19    0.757894  0.00817567
        1.33    0.685065  0.00543783
        1.47    0.588755  0.00549867
        1.61    0.496001   0.0055038
        1.75    0.386378  0.00476445
        1.89    0.282425  0.00398857
        2.03    0.196456  0.00377393
        2.17    0.134788   0.0025344
        2.31   0.0822946  0.00247861
        2.45   0.0509065  0.00169856
        2.59   0.0318666  0.00148269
        2.73   0.0173047 0.000957061
        2.87   0.0101969 0.000808293
        3.01  0.00611772 0.000581861
        3.15  0.00277389 0.000447054
        3.29  0.00123133 0.000348385
        3.43 0.000523265 0.000185937
        3.57 0.000348195 0.000133367
        3.71 0.000190632  0.00011221
        3.85           0           0
        3.99           0           0
        4.13           0           0

        0.07   0.0121807 0.000704351
        0.21   0.0857766  0.00230129
        0.35    0.210886  0.00360479
        0.49    0.367366  0.00494477
        0.63    0.533184  0.00568168
        0.77    0.669599  0.00562169
        0.91    0.755306   0.0067565
        1.05    0.777587  0.00682985
        1.19    0.757326  0.00796175
        1.33    0.683929  0.00539982
        1.47    0.588636  0.00534285
        1.61    0.497712   0.0056062
        1.75    0.386415  0.00462847
        1.89    0.282421  0.00387461
        2.03    0.196481  0.00366619
        2.17    0.134845  0.00246262
        2.31     0.08226  0.00240803
        2.45   0.0509467  0.00165051
        2.59   0.0316308  0.00145897
        2.73   0.0173469 0.000930648
        2.87    0.010068 0.000795399
        3.01  0.00603175 0.000571553
        3.15  0.00269463  0.00044125
        3.29  0.00119615 0.000340203
        3.43 0.000508314 0.000181224
        3.57 0.000338246 0.000129927
        3.71 0.000185185 0.000109136
        3.85           0           0
        3.99           0           0
        4.13           0           0

        0.07   0.0121473 0.000685576
        0.21   0.0853432  0.00227782
        0.35    0.209647   0.0037116
        0.49    0.366106  0.00496523
        0.63    0.532147  0.00561779
        0.77    0.668719  0.00553407
        0.91    0.754931  0.00657923
        1.05    0.779795  0.00698794
        1.19    0.757461  0.00774173
        1.33    0.684888   0.0053343
        1.47    0.588092  0.00522207
        1.61    0.499774  0.00581747
        1.75    0.387478  0.00462027
        1.89    0.282321  0.00376826
        2.03     0.19641  0.00356505
        2.17     0.13468  0.00239974
        2.31   0.0821539  0.00234348
        2.45   0.0513374  0.00165027
        2.59   0.0313988  0.00143676
        2.73   0.0173887 0.000905732
        2.87  0.00999045 0.000777079
        3.01   0.0058642 0.000579715
        3.15  0.00261978 0.000435295
        3.29  0.00116292 0.000332371
        3.43 0.000494195 0.000176739
        3.57 0.000328851 0.000126657
        3.71 0.000180041 0.000106225
        3.85           0           0
        3.99           0           0
        4.13           0           0

        0.07   0.0122301 0.000672031
        0.21   0.0853443  0.00221626
        0.35    0.209813  0.00361502
        0.49    0.366447  0.00484269
        0.63    0.532116  0.00546604
        0.77    0.668154  0.00541326
        0.91    0.755236  0.00640846
        1.05    0.780756  0.00686481
        1.19    0.757111   0.0075404
        1.33    0.683752  0.00530971
        1.47     0.58807  0.00508098
        1.61    0.500198   0.0056757
        1.75    0.387343  0.00449738
        1.89    0.282443  0.00366839
        2.03    0.196396  0.00346872
        2.17    0.134175  0.00238737
        2.31   0.0828704  0.00238716
        2.45   0.0514336  0.00160846
        2.59   0.0314833  0.00140041
        2.73   0.0170724 0.000934832
        2.87  0.00984198 0.000770128
        3.01  0.00581474 0.000566152
        3.15  0.00256685 0.000426737
        3.29  0.00115294 0.000323538
        3.43 0.000518376 0.000173609
        3.57   0.0003432 0.000124044
        3.71 0.000175175 0.000103466
        3.85           0           0
        3.99           0           0
        4.13           0           0

        0.07   0.0122616 0.000655083
        0.21   0.0847762  0.00222956
        0.35    0.208727   0.0036796
        0.49    0.364562  0.00506862
        0.63    0.531819  0.00533025
        0.77    0.670033  0.00558736
        0.91     0.75526  0.00623986
        1.05    0.780348  0.00669623
        1.19    0.757169  0.00734219
        1.33    0.684223  0.00519084
        1.47    0.589007  0.00503293
        1.61    0.499946  0.00553195
        1.75      0.3875  0.00438177
        1.89    0.282369   0.0035726
        2.03    0.196677  0.00338881
        2.17    0.133854   0.0023461
        2.31   0.0830113   0.0023285
        2.45   0.0521773  0.00172956
        2.59   0.0315354  0.00136453
        2.73   0.0171174 0.000911314
        2.87  0.00996589 0.000759764
        3.01   0.0057853 0.000552019
        3.15  0.00251845 0.000418243
        3.29  0.00114522 0.000315116
        3.43 0.000543024 0.000170781
        3.57 0.000355054 0.000121345
        3.71 0.000170565 0.000100846
        3.85           0           0
        3.99           0           0
        4.13           0           0

        0.07   0.0121998 0.000641186
        0.21   0.0848816  0.00217488
        0.35    0.207955  0.00366524
        0.49    0.364608  0.00493886
        0.63    0.531242  0.00522469
        0.77    0.670053  0.00544413
        0.91     0.75515  0.00608083
        1.05     0.78274  0.00693841
        1.19    0.757938  0.00719412
        1.33     0.68352   0.0051051
        1.47    0.588265  0.00495834
        1.61    0.499476  0.00541004
        1.75    0.386864  0.00431532
        1.89    0.282543  0.00348523
        2.03      0.1961  0.00335082
        2.17    0.133856  0.00228594
        2.31   0.0832163   0.0022778
        2.45   0.0525946  0.00173482
        2.59   0.0315764  0.00133016
        2.73   0.0171059  0.00088802
        2.87   0.0100343 0.000743352
        3.01  0.00584894  0.00054152
        3.15  0.00256241 0.000409822
        3.29  0.00120235 0.000312171
        3.43 0.000608805 0.000178622
        3.57 0.000505359 0.000189714
        3.71 0.000210284 0.000105793
        3.85           0           0
        3.99           0           0
        4.13           0           0

        0.07     0.01208 0.000636252
        0.21   0.0844676  0.00215956
        0.35    0.207973  0.00357365
        0.49    0.365116  0.00484143
        0.63    0.531501  0.00510049
        0.77     0.67066   0.0053417
        0.91    0.755184   0.0059289
        1.05    0.782085  0.00679577
        1.19    0.759155  0.00711644
        1.33    0.684512    0.005073
        1.47    0.587427  0.00490461
        1.61    0.498436  0.00537384
        1.75    0.385971  0.00429894
        1.89    0.281978  0.00344368
        2.03    0.196417  0.00328205
        2.17    0.134178  0.00225144
        2.31   0.0833763  0.00222647
        2.45   0.0526257  0.00169173
        2.59   0.0316485  0.00129885
        2.73   0.0171181 0.000865903
        2.87   0.0100298 0.000724782
        3.01  0.00580357 0.000529879
        3.15  0.00265212 0.000409277
        3.29  0.00117229  0.00030581
        3.43 0.000593585 0.000174804
        3.57 0.000492725 0.000185391
        3.71 0.000205026 0.000103278
        3.85           0           0
        3.99           0           0
        4.13           0           0

        0.07   0.0120048 0.000625168
        0.21   0.0839286  0.00217312
        0.35    0.207819  0.00348981
        0.49    0.364765  0.00473605
        0.63    0.531054  0.00499566
        0.77    0.670201  0.00523108
        0.91    0.756575  0.00594534
        1.05    0.782995  0.00669062
        1.19    0.759675  0.00696186
        1.33    0.684329  0.00495259
        1.47    0.587192  0.00479063
        1.61    0.498606  0.00524548
        1.75    0.385985  0.00419412
        1.89    0.281914  0.00336028
        2.03    0.196177  0.00321077
        2.17    0.134201  0.00219664
        2.31   0.0837898  0.00221023
        2.45   0.0526471  0.00165061
        2.59   0.0314541  0.00128164
        2.73    0.016857 0.000883255
        2.87   0.0098916 0.000720153
        3.01  0.00570235 0.000526535
        3.15  0.00260679 0.000401797
        3.29  0.00117112 0.000298354
        3.43 0.000635566 0.000175509
        3.57 0.000480707 0.000181258
        3.71 0.000200026  0.00010088
        3.85           0           0
        3.99           0           0
        4.13           0           0

        0.07   0.0119615 0.000611782
        0.21   0.0838829  0.00212186
        0.35    0.207766  0.00340711
        0.49    0.365608  0.00469783
        0.63    0.530595  0.00489776
        0.77    0.670246  0.00510672
        0.91    0.756633  0.00580406
        1.05    0.781074  0.00680149
        1.19    0.759184  0.00681345
        1.33    0.684527  0.00483864
        1.47    0.586283  0.00476205
        1.61    0.498118  0.00514324
        1.75     0.38679   0.0041707
        1.89    0.282725  0.00337689
        2.03    0.196279  0.00313595
        2.17    0.134316  0.00214734
        2.31   0.0846262  0.00231042
        2.45   0.0529841  0.00164534
        2.59   0.0314327   0.0012513
        2.73    0.017032 0.000879388
        2.87  0.00994268 0.000704816
        3.01  0.00580593 0.000524088
        3.15  0.00258409 0.000392871
        3.29   0.0011763 0.000291295
        3.43 0.000620433 0.000171981
        3.57 0.000469262 0.000177304
        3.71 0.000195263 9.85909e-05
        3.85           0           0
        3.99           0           0
        4.13           0           0

        0.07   0.0120324 0.000601657
        0.21   0.0835656   0.0020961
        0.35    0.207567  0.00333369
        0.49    0.365495  0.00458995
        0.63    0.531165  0.00481688
        0.77    0.670024  0.00499277
        0.91    0.756978  0.00567937
        1.05    0.782937  0.00689371
        1.19    0.758389  0.00670122
        1.33    0.684084  0.00474636
        1.47    0.585728  0.00468349
        1.61    0.497841  0.00503112
        1.75    0.387592  0.00415019
        1.89    0.282986  0.00330837
        2.03    0.196162  0.00306518
        2.17    0.134513  0.00210643
        2.31   0.0841931  0.00229691
        2.45   0.0528731  0.00161081
        2.59     0.03112  0.00126065
        2.73   0.0168758 0.000872691
        2.87   0.0100206 0.000692719
        3.01  0.00574628 0.000515284
        3.15  0.00256552 0.000384173
        3.29  0.00114895 0.000285802
        3.43 0.000606005 0.000168586
        3.57 0.000458349 0.000173516
        3.71 0.000190722 9.64026e-05
        3.85           0           0
        3.99           0           0
        4.13           0           0

        0.07    0.012282 0.000637668
        0.21   0.0839902  0.00209103
        0.35    0.207179  0.00328048
        0.49    0.365611  0.00448712
        0.63     0.53136  0.00471136
        0.77    0.669741  0.00488735
        0.91    0.756283  0.00559268
        1.05     0.78318  0.00674134
        1.19    0.758822   0.0065629
        1.33    0.684485  0.00465538
        1.47    0.585109  0.00461785
        1.61    0.496606  0.00506599
        1.75     0.38819  0.00409868
        1.89    0.283206  0.00324047
        2.03    0.195865  0.00300993
        2.17    0.134085  0.00210162
        2.31   0.0844607  0.00226024
        2.45   0.0530979  0.00158981
        2.59   0.0312169  0.00123572
        2.73    0.017053 0.000870646
        2.87   0.0102844 0.000725462
        3.01  0.00581259 0.000507822
        3.15  0.00258989 0.000376214
        3.29  0.00112284 0.000280497
        3.43 0.000592232 0.000165316
        3.57 0.000447932 0.000169885
        3.71 0.000186388  9.4309e-05
        3.85           0           0
        3.99           0           0
        4.13           0           0

        0.07   0.0123192  0.00062458
        0.21   0.0845503  0.00211824
        0.35    0.207384  0.00321397
        0.49    0.364868  0.00444862
        0.63    0.530326  0.00471865
        0.77    0.669775  0.00477887
        0.91    0.756324  0.00546855
        1.05    0.783205  0.00659158
        1.19     0.75786  0.00648715
        1.33    0.684638  0.00455446
        1.47    0.585409  0.00452497
        1.61    0.496132  0.00497556
        1.75    0.387657  0.00404206
        1.89    0.283917  0.00324558
        2.03    0.196512  0.00301187
        2.17    0.134841  0.00218679
        2.31   0.0849853  0.00227008
        2.45   0.0530218   0.0015563
        2.59   0.0311831  0.00120872
        2.73   0.0169518 0.000857157
        2.87   0.0102851 0.000709341
        3.01  0.00571869 0.000505143
        3.15  0.00259994 0.000367988
        3.29  0.00112287 0.000274264
        3.43 0.000642269 0.000169045
        3.57 0.000445326 0.000166129
        3.71 0.000182246 9.23042e-05
        3.85           0           0
        3.99           0           0
        4.13           0           0

        0.07   0.0123936 0.000615416
        0.21    0.084705  0.00207783
        0.35    0.207942  0.00319224
        0.49    0.365496   0.0043961
        0.63    0.530418  0.00461695
        0.77    0.670324  0.00470643
        0.91     0.75601  0.00535869
        1.05    0.783082  0.00644944
        1.19    0.758303  0.00636123
        1.33    0.684252  0.00447181
        1.47    0.584574  0.00450289
        1.61    0.495412  0.00491916
        1.75    0.387453  0.00395937
        1.89    0.283736  0.00318006
        2.03    0.196318  0.00295267
        2.17    0.135036  0.00214787
        2.31   0.0852715  0.00223869
        2.45   0.0527706  0.00154261
        2.59   0.0311522  0.00118284
        2.73   0.0170103 0.000840517
        2.87   0.0102945 0.000693982
        3.01  0.00568927 0.000495018
        3.15  0.00264406 0.000362624
        3.29  0.00123505 0.000290338
        3.43 0.000721762  0.00018311
        3.57 0.000435645   0.0001628
        3.71 0.000178284 9.03825e-05
        3.85           0           0
        3.99           0           0
        4.13           0           0

        0.07   0.0122875 0.000611397
        0.21    0.084279  0.00207684
        0.35    0.207326  0.00318329
        0.49    0.365464  0.00430269
        0.63    0.531082  0.00456626
        0.77     0.67009  0.00461211
        0.91     0.75575  0.00525099
        1.05    0.783471  0.00632397
        1.19    0.758293   0.0062259
        1.33    0.683746  0.00440525
        1.47    0.584838  0.00441478
        1.61     0.49646  0.00492476
        1.75     0.38762  0.00387865
        1.89     0.28404  0.00312688
        2.03    0.196293  0.00288994
        2.17    0.134856  0.00210968
        2.31   0.0852752  0.00219107
        2.45   0.0526357  0.00151567
        2.59   0.0310509  0.00116201
        2.73   0.0169523 0.000824631
        2.87   0.0102147  0.00068378
        3.01   0.0057202 0.000485451
        3.15  0.00259907  0.00035769
        3.29  0.00120877 0.000285347
        3.43 0.000706405 0.000179856
        3.57 0.000426376   0.0001596
        3.71 0.000174491 8.85391e-05
        3.85           0           0
        3.99           0           0
        4.13           0           0

        0.07    0.012365 0.000603546
        0.21   0.0847594  0.00208841
        0.35    0.207055  0.00312849
        0.49    0.364677  0.00428433
        0.63    0.531041  0.00447131
        0.77     0.67018   0.0045169
        0.91    0.755053  0.00518766
        1.05    0.783215  0.00619742
        1.19    0.758355  0.00609651
        1.33    0.685436  0.00462641
        1.47    0.585915  0.00445244
        1.61    0.497083  0.00486147
        1.75    0.387336   0.0038082
        1.89    0.283317   0.0031442
        2.03    0.195919  0.00285393
        2.17    0.134316  0.00213376
        2.31   0.0851976  0.00214679
        2.45   0.0525367  0.00148733
        2.59   0.0311232  0.00114005
        2.73   0.0169464 0.000807472
        2.87   0.0101287 0.000674926
        3.01  0.00566716 0.000478225
        3.15  0.00265377 0.000354396
        3.29  0.00128004 0.000288165
        3.43 0.000713735 0.000176259
        3.57 0.000417493 0.000156522
        3.71 0.000170855 8.67691e-05
        3.85           0           0
        3.99           0           0
        4.13           0           0

        0.07   0.0122058 0.000611869
        0.21   0.0846777  0.00204739
        0.35    0.207051  0.00306465
        0.49    0.364909  0.00420318
        0.63    0.531792  0.00444274
        0.77     0.67047  0.00443402
        0.91    0.756228  0.00521318
        1.05    0.782148  0.00616204
        1.19    0.757592  0.00601965
        1.33    0.685667  0.00453777
        1.47    0.585138  0.00442894
        1.61    0.496751  0.00477357
        1.75    0.388048  0.00379645
        1.89    0.283524  0.00308683
        2.03    0.196165  0.00280632
        2.17    0.134393  0.00209161
        2.31   0.0849328  0.00211925
        2.45    0.052138  0.00150945
        2.59   0.0308714  0.00114426
        2.73   0.0170945 0.000804472
        2.87   0.0101298 0.000661153
        3.01  0.00563249 0.000469721
        3.15   0.0026482 0.000347207
        3.29  0.00135649 0.000292251
        3.43 0.000716715 0.000172687
        3.57 0.000408973 0.000153559
        3.71 0.000167369 8.50683e-05
        3.85           0           0
        3.99           0           0
        4.13           0           0

        0.07   0.0123836 0.000624942
        0.21   0.0847222  0.00200692
        0.35    0.206706  0.00302268
        0.49    0.364933  0.00411918
        0.63    0.531611  0.00435757
        0.77    0.669833  0.00439085
        0.91    0.756935   0.0051567
        1.05    0.782187  0.00603891
        1.19    0.758656  0.00599251
        1.33    0.686487  0.00452044
        1.47    0.584758  0.00435663
        1.61    0.496066    0.004727
        1.75    0.387336   0.0037867
        1.89    0.283459  0.00302577
        2.03    0.196401  0.00276005
        2.17    0.134085  0.00207236
        2.31   0.0847884  0.00208178
        2.45   0.0523294  0.00149135
        2.59   0.0307275  0.00113039
        2.73   0.0173995 0.000844199
        2.87   0.0102407 0.000657165
        3.01  0.00556746 0.000464806
        3.15  0.00263889 0.000340388
        3.29  0.00133995 0.000286874
        3.43 0.000702381 0.000169827
        3.57 0.000400794 0.000150706
        3.71 0.000164021 8.34328e-05
        3.85           0           0
        3.99           0           0
        4.13           0           0

