0 0 0
1 1 0
2 1.41133 0.0012382
3 1.73072 0.00177337
4 1.99737 0.0021847
5 2.23191 0.00283078
6 2.44464 0.00273519
7 2.64143 0.00286886
8 2.82357 0.00313747
9 2.99504 0.00350263
10 3.15616 0.0036959
11 3.3106 0.00408501
12 3.45394 0.00453216
13 3.59446 0.00454645
14 3.7284 0.00467688
15 3.86202 0.00509513
16 3.98797 0.00540306
17 4.11198 0.00540565
18 4.22989 0.00539016
19 4.3441 0.00547716
20 4.45666 0.00585137
21 4.56615 0.00589714
22 4.6729 0.00584169
23 4.77904 0.00608963
24 4.88362 0.00620538
25 4.98522 0.00631165
26 5.08542 0.00640986
27 5.18561 0.00647489
28 5.28269 0.00641445
29 5.37759 0.00671965
30 5.46878 0.00708737
31 5.55885 0.0071777
32 5.65075 0.00701971
33 5.73695 0.00738031
34 5.81996 0.00769294
35 5.90436 0.00805966
36 5.99116 0.00805634
37 6.07328 0.00821823
38 6.15266 0.00827307
39 6.23167 0.00843746
40 6.31345 0.00868396
41 6.38983 0.00848071
42 6.46714 0.00863229
43 6.54302 0.00883666
44 6.61932 0.0090399
45 6.69487 0.00921334
46 6.76738 0.00917434
47 6.84067 0.00890508
48 6.91099 0.00897369
49 6.98332 0.00891848
50 7.0527 0.00878335
51 7.12301 0.00874169
52 7.19468 0.00865504
53 7.26616 0.00878675
54 7.33248 0.00848337
55 7.40141 0.00843802
56 7.4658 0.00850097
57 7.53094 0.00869993
58 7.59801 0.00877083
59 7.66331 0.00871453
60 7.72529 0.00884136
61 7.7896 0.00891796
62 7.85596 0.00895186
63 7.91779 0.00889137
64 7.98351 0.00871265
65 8.04519 0.00874101
66 8.1069 0.00866148
67 8.16747 0.00879521
68 8.22746 0.00873997
69 8.28974 0.00887295
70 8.35164 0.00902897
71 8.41243 0.00870438
72 8.46958 0.00862968
73 8.52529 0.00926039
74 8.58666 0.00932137
75 8.64716 0.00949814
76 8.70294 0.00941047
77 8.75952 0.00923723
78 8.81553 0.00948063
79 8.87024 0.00930668
80 8.92471 0.00937988
81 8.9803 0.00938118
82 9.03748 0.00931249
83 9.0916 0.00898868
84 9.14517 0.00888901
85 9.20058 0.00895912
86 9.25009 0.00868978
87 9.30887 0.00883252
88 9.35777 0.00916206
89 9.41283 0.00896321
90 9.46584 0.00938189
91 9.51819 0.00959257
92 9.57121 0.00974525
93 9.62365 0.0100749
94 9.67509 0.0100394
95 9.72816 0.0101284
96 9.77946 0.00998284
97 9.83092 0.0102614
98 9.8802 0.0101971
99 9.93156 0.010038
100 9.983 0.0100885
