0 0 0
1 1 0
2 1.41413 0.00138265
3 1.7306 0.00196543
4 1.99722 0.00221769
5 2.23425 0.00250671
6 2.44643 0.00263631
7 2.64482 0.00291838
8 2.83169 0.00316644
9 3.00052 0.00334745
10 3.16347 0.00365976
11 3.31918 0.00418115
12 3.46663 0.00435642
13 3.60752 0.00448292
14 3.7415 0.00446793
15 3.87396 0.00473475
16 4.00089 0.00493017
17 4.12191 0.00503323
18 4.24305 0.00509483
19 4.36153 0.00522989
20 4.47006 0.00522992
21 4.57944 0.00508068
22 4.68831 0.00520017
23 4.79517 0.00543174
24 4.89595 0.00576062
25 4.99785 0.00626964
26 5.09781 0.00647971
27 5.19697 0.00654537
28 5.291 0.00642058
29 5.38314 0.00663638
30 5.47249 0.00675722
31 5.563 0.00672953
32 5.65448 0.00668559
33 5.74063 0.0066973
34 5.82538 0.00696871
35 5.9137 0.00721513
36 5.99636 0.00723347
37 6.07978 0.00738194
38 6.1625 0.00750316
39 6.24287 0.0079147
40 6.32015 0.00755984
41 6.39747 0.00745718
42 6.47627 0.00790036
43 6.55114 0.00814275
44 6.62687 0.00809036
45 6.70218 0.00821969
46 6.77519 0.00839904
47 6.84701 0.00874236
48 6.92166 0.0086041
49 6.99345 0.00856627
50 7.06693 0.00842358
51 7.13535 0.0082049
52 7.20663 0.00810896
53 7.27691 0.00816044
54 7.34102 0.00829217
55 7.40974 0.00852475
56 7.47962 0.00883173
57 7.54691 0.00865663
58 7.61336 0.00875708
59 7.67567 0.00872981
60 7.74337 0.00894699
61 7.80982 0.0092206
62 7.87508 0.00949376
63 7.93461 0.00954565
64 7.99743 0.00946918
65 8.05999 0.0097407
66 8.12266 0.00977853
67 8.18165 0.00967404
68 8.24285 0.0100435
69 8.30573 0.00986154
70 8.3664 0.00966514
71 8.42455 0.0100208
72 8.4847 0.0102526
73 8.54172 0.0104485
74 8.60029 0.0104356
75 8.66192 0.0103267
76 8.72014 0.0105854
77 8.77844 0.0109775
78 8.83579 0.0107742
79 8.89395 0.0108077
80 8.95002 0.0109794
81 9.00477 0.011027
82 9.06083 0.011107
83 9.11426 0.0112041
84 9.16991 0.0114444
85 9.22423 0.0117587
86 9.28148 0.0119534
87 9.33619 0.0118113
88 9.38956 0.0121818
89 9.44159 0.0117951
90 9.49423 0.012014
91 9.54466 0.0123363
92 9.59891 0.0127596
93 9.6512 0.0127794
94 9.70287 0.0126491
95 9.75483 0.0126723
96 9.80711 0.012765
97 9.85648 0.0129084
98 9.9048 0.0129369
99 9.95745 0.0131939
100 10.0073 0.0134886
