# VELOCITY:     AVE_POFV:        ERROR:
       0.075           0           0
       0.225  0.00123457           0
       0.375   0.0278395           0
       0.525   0.0404321           0
       0.675   0.0606173           0
       0.825    0.101667           0
       0.975    0.111111           0
       1.125    0.143395           0
       1.275    0.214691           0
       1.425    0.220741           0
       1.575    0.203086           0
       1.725    0.269877           0
       1.875    0.387963           0
       2.025    0.389259           0
       2.175    0.292778           0
       2.325    0.351111           0
       2.475    0.821914           0
       2.625    0.837654           0
       2.775    0.514321           0
       2.925    0.467716           0
       3.075    0.366296           0
       3.225    0.273765           0
       3.375    0.166173           0
       3.525    0.127901           0
       3.675   0.0804321           0
       3.825   0.0721605           0
       3.975   0.0414198           0
       4.125    0.031358           0
       4.275   0.0115432           0
       4.425  0.00987654           0
       4.575   0.0123457           0
       4.725   0.0062963           0
       4.875  0.00308642           0
       5.025  0.00314815           0
       5.175  0.00345679           0
       5.325           0           0
       5.475           0           0
       5.625           0           0
       5.775           0           0
       5.925           0           0

       0.075           0           0
       0.225  0.00790123  0.00471405
       0.375   0.0339506  0.00432121
       0.525   0.0784259   0.0268657
       0.675    0.104506   0.0310341
       0.825    0.136265    0.024465
       0.975    0.155185   0.0311651
       1.125    0.220062   0.0542115
       1.275     0.29142   0.0542552
       1.425    0.322654   0.0720638
       1.575    0.307747   0.0740061
       1.725    0.329938   0.0424701
       1.875    0.380062  0.00558702
       2.025    0.399475  0.00722384
       2.175    0.342407   0.0350934
       2.325    0.360494  0.00663458
       2.475     0.63642    0.131164
       2.625    0.583241    0.179898
       2.775     0.39608   0.0836088
       2.925    0.351728   0.0820157
       3.075    0.292037   0.0525092
       3.225    0.237809   0.0254253
       3.375    0.151358   0.0104757
       3.525    0.169414   0.0293537
       3.675   0.0984259   0.0127236
       3.825   0.0883642   0.0114577
       3.975   0.0536111  0.00862059
       4.125   0.0489198    0.012418
       4.275   0.0243519  0.00905708
       4.425   0.0237963  0.00984275
       4.575   0.0174691  0.00362283
       4.725   0.0115432  0.00371013
       4.875  0.00654321  0.00244432
       5.025  0.00283951 0.000218243
       5.175  0.00222222 0.000872971
       5.325           0           0
       5.475           0           0
       5.625           0           0
       5.775           0           0
       5.925           0           0

       0.075  0.00582305   0.0047545
       0.225   0.0147325  0.00640214
       0.375   0.0384979  0.00469941
       0.525   0.0817695   0.0181173
       0.675    0.125206   0.0267152
       0.825    0.131193   0.0168276
       0.975    0.174918   0.0262917
       1.125    0.267366    0.052896
       1.275    0.323992   0.0448951
       1.425    0.334383   0.0489876
       1.575    0.353519   0.0618941
       1.725    0.386543   0.0542008
       1.875    0.405062   0.0207495
       2.025     0.46144   0.0508229
       2.175    0.395453   0.0492262
       2.325    0.329918   0.0253541
       2.475    0.534527    0.120697
       2.625     0.48465    0.144443
       2.775    0.346687    0.068799
       2.925    0.331008   0.0572346
       3.075    0.278416   0.0367304
       3.225    0.188889   0.0433905
       3.375     0.17142    0.017807
       3.525    0.163436   0.0201685
       3.675    0.100576  0.00866215
       3.825   0.0709877   0.0161134
       3.975   0.0455556  0.00873442
       4.125   0.0556379  0.00993102
       4.275   0.0176543  0.00814633
       4.425   0.0203292  0.00714643
       4.575   0.0116461  0.00533278
       4.725  0.00769547  0.00399848
       4.875  0.00436214  0.00241388
       5.025    0.001893 0.000786392
       5.175  0.00148148 0.000839345
       5.325           0           0
       5.475           0           0
       5.625           0           0
       5.775           0           0
       5.925           0           0

       0.075  0.00617284  0.00357872
       0.225   0.0157099  0.00487564
       0.375   0.0477315  0.00873878
       0.525     0.11625   0.0328072
       0.675    0.129043   0.0203101
       0.825    0.143426   0.0164775
       0.975    0.193472   0.0254368
       1.125    0.277963   0.0407196
       1.275    0.332299   0.0344314
       1.425    0.358735   0.0423632
       1.575    0.404352   0.0639757
       1.725    0.439614   0.0613585
       1.875    0.405309   0.0155636
       2.025    0.474552   0.0397727
       2.175     0.36284   0.0464842
       2.325    0.336034   0.0197395
       2.475    0.480278    0.101988
       2.625    0.449444    0.112541
       2.775    0.312377   0.0595433
       2.925    0.320694   0.0438454
       3.075    0.259923   0.0318649
       3.225     0.16784   0.0373008
       3.375    0.197284   0.0260783
       3.525    0.136682   0.0276703
       3.675   0.0795216   0.0193565
       3.825   0.0621605   0.0142999
       3.975   0.0407716  0.00775099
       4.125   0.0565741  0.00749226
       4.275   0.0229784   0.0076543
       4.425   0.0163272  0.00638279
       4.575  0.00873457  0.00472804
       4.725   0.0057716  0.00343061
       4.875   0.0032716  0.00204194
       5.025  0.00141975 0.000718215
       5.175  0.00111111 0.000706514
       5.325           0           0
       5.475           0           0
       5.625           0           0
       5.775           0           0
       5.925           0           0

       0.075  0.00493827  0.00306854
       0.225   0.0167407  0.00400801
       0.375   0.0602222   0.0131791
       0.525    0.109407   0.0269499
       0.675    0.133568   0.0167445
       0.825    0.169568   0.0268419
       0.975    0.247222   0.0522049
       1.125    0.289654   0.0342129
       1.275    0.337309   0.0279071
       1.425    0.402383   0.0516981
       1.575    0.412494   0.0516961
       1.725    0.472136   0.0570582
       1.875    0.410753   0.0133693
       2.025    0.444444   0.0416844
       2.175    0.355877   0.0377052
       2.325    0.338444   0.0159381
       2.475     0.44863   0.0863612
       2.625    0.414951    0.095172
       2.775    0.291864   0.0510457
       2.925    0.302877    0.038527
       3.075    0.231222   0.0361776
       3.225    0.154691   0.0320743
       3.375    0.200259   0.0210317
       3.525    0.129173   0.0231327
       3.675   0.0836173   0.0159126
       3.825   0.0575432   0.0121626
       3.975   0.0374938  0.00685892
       4.125    0.057037   0.0060081
       4.275   0.0228395   0.0061247
       4.425   0.0130617  0.00588252
       4.575  0.00698765  0.00409245
       4.725  0.00461728  0.00293227
       4.875  0.00261728  0.00173522
       5.025   0.0011358   0.0006282
       5.175 0.000888889 0.000599141
       5.325           0           0
       5.475           0           0
       5.625           0           0
       5.775           0           0
       5.925           0           0

       0.075  0.00437243  0.00260877
       0.225   0.0173765  0.00339006
       0.375   0.0564712    0.011504
       0.525    0.105432   0.0227495
       0.675     0.14784   0.0190903
       0.825    0.207335   0.0410973
       0.975    0.256152   0.0442613
       1.125    0.290412   0.0285191
       1.275    0.350514   0.0261947
       1.425    0.434835   0.0522847
       1.575    0.453909   0.0573173
       1.725    0.489444   0.0501051
       1.875    0.396307   0.0172639
       2.025    0.425247   0.0389073
       2.175    0.350741   0.0317689
       2.325    0.350226   0.0170904
       2.475    0.416636   0.0776682
       2.625    0.392366   0.0819459
       2.775    0.296636   0.0427605
       2.925     0.27677   0.0399846
       3.075    0.223951   0.0308701
       3.225    0.137047   0.0312065
       3.375    0.186944   0.0213287
       3.525    0.115051   0.0231903
       3.675   0.0806481   0.0135347
       3.825    0.060823   0.0105684
       3.975   0.0453292  0.00915594
       4.125   0.0495782   0.0084516
       4.275   0.0220988  0.00514852
       4.425   0.0122737  0.00495461
       4.575  0.00618313  0.00348856
       4.725  0.00384774  0.00254253
       4.875  0.00218107  0.00149985
       5.025 0.000946502 0.000551284
       5.175 0.000740741 0.000517276
       5.325           0           0
       5.475           0           0
       5.625           0           0
       5.775           0           0
       5.925           0           0

       0.075   0.0037478  0.00230966
       0.225   0.0156702  0.00330744
       0.375   0.0549912  0.00995535
       0.525   0.0995679   0.0202413
       0.675    0.148351     0.01637
       0.825    0.226093   0.0392746
       0.975    0.272399   0.0408111
       1.125    0.301085   0.0263666
       1.275    0.386614   0.0402631
       1.425    0.445564    0.045903
       1.575    0.457302   0.0492294
       1.725     0.49866   0.0437864
       1.875    0.386287   0.0174646
       2.025    0.428633   0.0334962
       2.175    0.358139   0.0280788
       2.325    0.340212   0.0173366
       2.475     0.40239   0.0678667
       2.625    0.362328   0.0755444
       2.775    0.312196   0.0393813
       2.925    0.257654    0.038572
       3.075    0.216543   0.0273344
       3.225    0.130168   0.0274963
       3.375    0.184277   0.0184478
       3.525    0.117619   0.0200191
       3.675     0.07597   0.0123833
       3.825    0.057284  0.00963304
       3.975   0.0430511  0.00812641
       4.125   0.0424956  0.00977118
       4.275   0.0189418  0.00529314
       4.425   0.0105203  0.00454648
       4.575  0.00529982  0.00310001
       4.725  0.00329806  0.00223794
       4.875  0.00186949  0.00131755
       5.025 0.000811287  0.00048883
       5.175 0.000634921 0.000454074
       5.325           0           0
       5.475           0           0
       5.625           0           0
       5.775           0           0
       5.925           0           0

       0.075  0.00327932  0.00206791
       0.225   0.0163889  0.00297107
       0.375   0.0507407   0.0095754
       0.525    0.098858   0.0177236
       0.675    0.155023   0.0156244
       0.825    0.228673   0.0344498
       0.975     0.26483   0.0364047
       1.125    0.309545   0.0243903
       1.275    0.400278   0.0374771
       1.425    0.464846   0.0440288
       1.575    0.479691   0.0478973
       1.725    0.489938    0.039172
       1.875    0.380216   0.0163027
       2.025    0.436644   0.0302518
       2.175     0.36348   0.0250717
       2.325    0.351034   0.0182372
       2.475    0.391659   0.0602257
       2.625    0.347701   0.0675026
       2.775    0.309807    0.034531
       2.925    0.251597   0.0342227
       3.075    0.215733   0.0239296
       3.225    0.127315   0.0242068
       3.375    0.175463   0.0181255
       3.525    0.104946    0.021151
       3.675   0.0824846   0.0124314
       3.825   0.0549074  0.00871713
       3.975   0.0382022  0.00843411
       4.125   0.0371836   0.0098888
       4.275   0.0165741  0.00513382
       4.425  0.00920525  0.00416401
       4.575  0.00463735  0.00278239
       4.725   0.0028858  0.00199581
       4.875   0.0016358   0.0011734
       5.025 0.000709877 0.000438119
       5.175 0.000555556 0.000404191
       5.325           0           0
       5.475           0           0
       5.625           0           0
       5.775           0           0
       5.925           0           0

       0.075  0.00381344  0.00190588
       0.225   0.0176955  0.00291412
       0.375   0.0530041  0.00877489
       0.525   0.0968587   0.0158667
       0.675    0.157606   0.0141003
       0.825    0.228368   0.0306234
       0.975    0.251214   0.0348132
       1.125    0.309938   0.0216835
       1.275    0.428066   0.0423808
       1.425    0.471968   0.0397087
       1.575    0.498121   0.0459844
       1.725    0.508752   0.0390771
       1.875    0.384835   0.0151316
       2.025    0.423903   0.0294515
       2.175    0.360727   0.0224366
       2.325    0.350357   0.0162234
       2.475    0.377442   0.0551866
       2.625    0.345192   0.0600489
       2.775    0.294733    0.033825
       2.925    0.250569   0.0304356
       3.075    0.216317   0.0212779
       3.225     0.12987   0.0216516
       3.375    0.169294   0.0171293
       3.525   0.0979287    0.019931
       3.675   0.0841152   0.0111566
       3.825   0.0533951  0.00787866
       3.975   0.0367901  0.00761427
       4.125   0.0336145  0.00941212
       4.275   0.0147325  0.00488253
       4.425  0.00818244   0.0038249
       4.575  0.00412209  0.00252049
       4.725  0.00256516  0.00179963
       4.875  0.00145405    0.001057
       5.025 0.000631001 0.000396476
       5.175 0.000493827 0.000363964
       5.325           0           0
       5.475           0           0
       5.625           0           0
       5.775           0           0
       5.925           0           0

       0.075   0.0034321  0.00175303
       0.225   0.0159444  0.00310453
       0.375   0.0511296  0.00809514
       0.525   0.0924506   0.0148797
       0.675    0.153068   0.0134007
       0.825    0.225302   0.0277141
       0.975    0.246821   0.0316078
       1.125    0.325173   0.0242842
       1.275    0.432093   0.0383336
       1.425    0.474247   0.0358031
       1.575    0.509889   0.0428654
       1.725    0.516136   0.0358603
       1.875    0.408531   0.0262829
       2.025     0.43513   0.0285662
       2.175     0.36134   0.0202013
       2.325     0.34463   0.0155792
       2.475     0.36208   0.0517618
       2.625    0.351198   0.0543435
       2.775    0.289327   0.0308713
       2.925    0.245222   0.0278578
       3.075     0.21313   0.0193873
       3.225    0.129574   0.0194884
       3.375    0.159747   0.0178799
       3.525   0.0993519   0.0179886
       3.675   0.0803765   0.0106489
       3.825   0.0480926   0.0086939
       3.975   0.0335926  0.00749422
       4.125   0.0306975  0.00891147
       4.275   0.0132593   0.0046112
       4.425   0.0073642  0.00352885
       4.575  0.00370988  0.00230191
       4.725  0.00230864  0.00163784
       4.875  0.00130864 0.000961252
       5.025 0.000567901 0.000361815
       5.175 0.000444444 0.000330901
       5.325           0           0
       5.475           0           0
       5.625           0           0
       5.775           0           0
       5.925           0           0

       0.075  0.00312009  0.00162119
       0.225   0.0152076  0.00290842
       0.375   0.0510887  0.00735932
       0.525   0.0907912   0.0136192
       0.675    0.151201   0.0123119
       0.825    0.222868   0.0253013
       0.975     0.25101   0.0290106
       1.125    0.339001    0.025714
       1.275    0.432458   0.0348504
       1.425    0.471869   0.0326272
       1.575    0.514714   0.0392391
       1.725     0.51638   0.0326011
       1.875    0.425056   0.0286209
       2.025     0.44142   0.0266528
       2.175     0.36729   0.0192211
       2.325    0.338911   0.0151761
       2.475    0.352228   0.0479847
       2.625    0.360735   0.0502332
       2.775    0.292334    0.028211
       2.925    0.238973   0.0260168
       3.075    0.204175   0.0195839
       3.225    0.123939   0.0185134
       3.375    0.156981    0.016467
       3.525   0.0975477   0.0164435
       3.675   0.0770539    0.010186
       3.825   0.0450224  0.00842822
       3.975    0.031055   0.0072298
       4.125   0.0279068  0.00852711
       4.275   0.0120539  0.00434669
       4.425  0.00669473  0.00327093
       4.575  0.00337262   0.0021172
       4.725  0.00209877  0.00150234
       4.875  0.00118967 0.000881197
       5.025 0.000516274 0.000332585
       5.175  0.00040404 0.000303276
       5.325           0           0
       5.475           0           0
       5.625           0           0
       5.775           0           0
       5.925           0           0

       0.075  0.00292695  0.00149755
       0.225   0.0193416  0.00477212
       0.375   0.0493981  0.00693749
       0.525   0.0895319   0.0125424
       0.675    0.145947   0.0123563
       0.825    0.213585   0.0248372
       0.975    0.256219   0.0270567
       1.125     0.35126   0.0263318
       1.275    0.446384   0.0346169
       1.425    0.494419   0.0368868
       1.575     0.52356   0.0369528
       1.725    0.519645   0.0300474
       1.875    0.433719   0.0275157
       2.025    0.431163   0.0263316
       2.175    0.359079   0.0192933
       2.325    0.339995     0.01395
       2.475    0.337315   0.0462453
       2.625    0.345705   0.0482433
       2.775    0.290242   0.0259375
       2.925    0.234552   0.0242213
       3.075    0.210725   0.0190158
       3.225     0.12302   0.0169935
       3.375    0.151368   0.0160227
       3.525     0.09518   0.0152427
       3.675   0.0762809  0.00936649
       3.825   0.0473663  0.00804517
       3.975   0.0290226  0.00690707
       4.125   0.0255813  0.00812746
       4.275   0.0110494  0.00409889
       4.425  0.00613683  0.00304556
       4.575  0.00309156  0.00195934
       4.725  0.00192387  0.00138728
       4.875  0.00109053 0.000813321
       5.025 0.000473251  0.00030764
       5.175  0.00037037 0.000279866
       5.325           0           0
       5.475           0           0
       5.625           0           0
       5.775           0           0
       5.925           0           0

       0.075   0.0027018  0.00139918
       0.225   0.0197673  0.00442398
       0.375   0.0518898  0.00683667
       0.525    0.092151   0.0118479
       0.675    0.145598   0.0114108
       0.825     0.21661   0.0231101
       0.975    0.262061   0.0255983
       1.125    0.369544   0.0299897
       1.275    0.455883   0.0332319
       1.425    0.505807   0.0357642
       1.575    0.532341   0.0351382
       1.725    0.518552   0.0277559
       1.875    0.431097   0.0255238
       2.025    0.417949   0.0274219
       2.175    0.352545   0.0188833
       2.325    0.330394   0.0158398
       2.475    0.324069   0.0445445
       2.625    0.339919   0.0448779
       2.775    0.296975    0.024801
       2.925    0.226311    0.023719
       3.075    0.210826   0.0175533
       3.225    0.122104   0.0157109
       3.375    0.146135   0.0156215
       3.525   0.0958357   0.0140843
       3.675   0.0745062  0.00881252
       3.825   0.0509069  0.00816836
       3.975   0.0277018  0.00650082
       4.125    0.024207  0.00761757
       4.275   0.0101994  0.00387071
       4.425  0.00566477  0.00284763
       4.575  0.00285375  0.00182299
       4.725  0.00177588  0.00128844
       4.875  0.00100665 0.000755072
       5.025 0.000436847 0.000286121
       5.175  0.00034188 0.000259784
       5.325           0           0
       5.475           0           0
       5.625           0           0
       5.775           0           0
       5.925           0           0

       0.075  0.00250882  0.00131248
       0.225   0.0184039  0.00431298
       0.375   0.0482496  0.00725303
       0.525   0.0997795   0.0132315
       0.675    0.154356   0.0135459
       0.825    0.220031   0.0217111
       0.975    0.275097   0.0268851
       1.125    0.375419   0.0284171
       1.275    0.453479   0.0309451
       1.425    0.510785   0.0335542
       1.575    0.532024   0.0326298
       1.725    0.517756   0.0257847
       1.875    0.425075   0.0244007
       2.025    0.409608   0.0267017
       2.175    0.352593   0.0175346
       2.325    0.331847   0.0147749
       2.475    0.313907   0.0425062
       2.625    0.332937   0.0422121
       2.775    0.305419   0.0244245
       2.925    0.227804   0.0220718
       3.075    0.214868   0.0167583
       3.225    0.118545   0.0149863
       3.375    0.137288   0.0168252
       3.525   0.0911199   0.0138453
       3.675   0.0730026  0.00831032
       3.825   0.0496649  0.00767876
       3.975   0.0284832  0.00608326
       4.125   0.0241843  0.00707349
       4.275   0.0106966  0.00362602
       4.425  0.00578042  0.00264658
       4.575  0.00264991  0.00170414
       4.725  0.00164903  0.00120264
       4.875 0.000934744 0.000704553
       5.025 0.000405644  0.00026738
       5.175  0.00031746 0.000242373
       5.325           0           0
       5.475           0           0
       5.625           0           0
       5.775           0           0
       5.925           0           0

       0.075  0.00242387  0.00122772
       0.225   0.0178683  0.00405856
       0.375   0.0470947  0.00686083
       0.525     0.10416   0.0130546
       0.675    0.155309   0.0126763
       0.825    0.216753   0.0205096
       0.975    0.274774   0.0250947
       1.125    0.388012     0.02918
       1.275     0.46644   0.0314797
       1.425    0.511477   0.0313244
       1.575    0.529444   0.0305562
       1.725     0.52207    0.024424
       1.875    0.426745    0.022831
       2.025    0.406638   0.0250862
       2.175    0.353243   0.0163776
       2.325    0.338807   0.0153416
       2.475     0.30928   0.0399235
       2.625    0.326996   0.0398137
       2.775    0.301395   0.0231253
       2.925    0.220049   0.0219204
       3.075    0.212383   0.0158243
       3.225    0.114675   0.0144783
       3.375    0.131333   0.0167242
       3.525   0.0942551   0.0132725
       3.675   0.0729506  0.00775646
       3.825   0.0508025  0.00725061
       3.975   0.0275062  0.00575564
       4.125   0.0226708  0.00676191
       4.275   0.0101564   0.0034243
       4.425  0.00539506  0.00249804
       4.575  0.00247325  0.00159966
       4.725  0.00153909  0.00112747
       4.875 0.000872428 0.000660333
       5.025 0.000378601 0.000250919
       5.175 0.000296296 0.000227137
       5.325           0           0
       5.475           0           0
       5.625           0           0
       5.775           0           0
       5.925           0           0

       0.075  0.00227238   0.0011603
       0.225   0.0210648  0.00490472
       0.375   0.0513117  0.00761861
       0.525    0.106447   0.0124372
       0.675    0.158843   0.0123668
       0.825     0.22017   0.0195103
       0.975    0.282986   0.0248337
       1.125    0.386007   0.0274251
       1.275    0.465285   0.0295334
       1.425    0.509093   0.0294572
       1.575    0.519684   0.0301652
       1.725    0.516779   0.0234637
       1.875    0.428067   0.0214424
       2.025     0.40875    0.023607
       2.175    0.354294   0.0153877
       2.325    0.340216   0.0144473
       2.475     0.32755   0.0413983
       2.625    0.326184   0.0373337
       2.775    0.292469   0.0233391
       2.925    0.218391    0.020613
       3.075    0.205513   0.0162581
       3.225    0.113912   0.0135935
       3.375    0.126925   0.0162495
       3.525   0.0921065   0.0126157
       3.675   0.0749961  0.00753658
       3.825    0.049591  0.00689791
       3.975    0.026466  0.00548909
       4.125   0.0215008  0.00643972
       4.275   0.0095216  0.00326859
       4.425  0.00505787  0.00236456
       4.575  0.00231867  0.00150713
       4.725   0.0014429   0.0010611
       4.875 0.000817901  0.00062131
       5.025 0.000354938 0.000236349
       5.175 0.000277778 0.000213694
       5.325           0           0
       5.475           0           0
       5.625           0           0
       5.775           0           0
       5.925           0           0

       0.075  0.00213871  0.00109972
       0.225   0.0213798  0.00462631
       0.375    0.054793  0.00792603
       0.525    0.107484   0.0117488
       0.675    0.165123   0.0131379
       0.825    0.227298   0.0196218
       0.975     0.29281   0.0252415
       1.125    0.381122   0.0262433
       1.275    0.459052   0.0284463
       1.425    0.508834   0.0277256
       1.575    0.508079   0.0305414
       1.725    0.518359   0.0221366
       1.875    0.428962   0.0201997
       2.025    0.413126   0.0226204
       2.175    0.348983   0.0153717
       2.325     0.34057   0.0136018
       2.475    0.345639   0.0427327
       2.625    0.325087   0.0351537
       2.775    0.287378   0.0225146
       2.925    0.217262   0.0194313
       3.075    0.204027   0.0153696
       3.225    0.110802   0.0131447
       3.375    0.123725   0.0156055
       3.525   0.0877088   0.0126168
       3.675   0.0723384  0.00754733
       3.825   0.0491757  0.00650464
       3.975   0.0265432  0.00516675
       4.125    0.020236  0.00618386
       4.275  0.00896151  0.00312394
       4.425  0.00476035  0.00224411
       4.575  0.00218228  0.00142463
       4.725  0.00135802  0.00100207
       4.875 0.000769789 0.000586622
       5.025  0.00033406 0.000223367
       5.175 0.000261438 0.000201748
       5.325           0           0
       5.475           0           0
       5.625           0           0
       5.775           0           0
       5.925           0           0

       0.075  0.00201989  0.00104502
       0.225    0.020607  0.00443337
       0.375   0.0554767  0.00751512
       0.525    0.109009   0.0111946
       0.675     0.16915   0.0130103
       0.825    0.225453   0.0186183
       0.975    0.298114     0.02439
       1.125    0.378052   0.0249643
       1.275    0.463416   0.0271986
       1.425    0.510943   0.0262653
       1.575    0.509554   0.0288803
       1.725    0.521365   0.0211099
       1.875    0.437675   0.0208724
       2.025    0.411735   0.0214064
       2.175    0.343916   0.0153301
       2.325    0.338759   0.0129662
       2.475    0.347318   0.0403916
       2.625    0.322541   0.0332928
       2.775    0.285614   0.0213328
       2.925     0.21287   0.0188416
       3.075    0.201965   0.0146533
       3.225    0.109976   0.0124404
       3.375    0.121375   0.0149144
       3.525   0.0853772   0.0121294
       3.675   0.0708642  0.00727059
       3.825    0.048882   0.0061499
       3.975   0.0259465  0.00491404
       4.125    0.019441  0.00589119
       4.275  0.00852881   0.0029802
       4.425  0.00542867  0.00221672
       4.575  0.00272291  0.00144443
       4.725  0.00128258 0.000949239
       4.875 0.000727023 0.000555588
       5.025 0.000315501 0.000211727
       5.175 0.000246914 0.000191062
       5.325           0           0
       5.475           0           0
       5.625           0           0
       5.775           0           0
       5.925           0           0

       0.075  0.00191358 0.000995415
       0.225   0.0195224  0.00433067
       0.375   0.0546784  0.00716187
       0.525    0.110884   0.0107613
       0.675    0.170773   0.0124264
       0.825    0.219373   0.0186046
       0.975    0.302063   0.0234238
       1.125    0.382518   0.0240465
       1.275    0.469532   0.0264459
       1.425    0.520328   0.0265067
       1.575    0.505832   0.0275991
       1.725    0.516296   0.0205984
       1.875    0.444009   0.0207127
       2.025    0.411774   0.0202798
       2.175    0.348782   0.0152758
       2.325    0.336381   0.0124999
       2.475    0.341241   0.0387202
       2.625     0.31819   0.0318235
       2.775    0.283034   0.0203654
       2.925     0.21321    0.017853
       3.075    0.198626   0.0142575
       3.225    0.112781   0.0120978
       3.375    0.123083   0.0142269
       3.525    0.083577   0.0116238
       3.675   0.0688109    0.007172
       3.825   0.0482164  0.00586213
       3.975   0.0245809  0.00484144
       4.125   0.0184178  0.00566929
       4.275  0.00807992  0.00285696
       4.425  0.00514295  0.00211838
       4.575   0.0025796   0.0013755
       4.725  0.00121507 0.000901676
       4.875 0.000688759 0.000527663
       5.025 0.000298895 0.000201234
       5.175 0.000233918 0.000181447
       5.325           0           0
       5.475           0           0
       5.625           0           0
       5.775           0           0
       5.925           0           0

       0.075   0.0018179 0.000950231
       0.225   0.0189537  0.00415131
       0.375   0.0538889  0.00684715
       0.525    0.118188   0.0124581
       0.675    0.171343   0.0118181
       0.825    0.216978   0.0178278
       0.975    0.304858   0.0224188
       1.125    0.385648    0.023047
       1.275    0.464796   0.0255441
       1.425    0.527358   0.0260969
       1.575    0.504494   0.0262516
       1.725    0.520105   0.0199175
       1.875    0.445806   0.0197548
       2.025    0.417148   0.0199652
       2.175    0.345667   0.0148262
       2.325    0.337565   0.0119309
       2.475    0.336651   0.0370553
       2.625    0.311015   0.0310307
       2.775    0.284404   0.0193931
       2.925    0.212725   0.0169669
       3.075    0.198583   0.0135447
       3.225    0.115469   0.0117878
       3.375    0.119602    0.013935
       3.525   0.0804352   0.0114594
       3.675   0.0662469  0.00725726
       3.825   0.0474105  0.00562415
       3.975   0.0246852  0.00460049
       4.125   0.0174969  0.00546011
       4.275  0.00767593  0.00274252
       4.425   0.0048858  0.00202801
       4.575  0.00245062  0.00131276
       4.725  0.00115432 0.000858636
       4.875 0.000654321 0.000502402
       5.025 0.000283951 0.000191726
       5.175 0.000222222 0.000172751
       5.325           0           0
       5.475           0           0
       5.625           0           0
       5.775           0           0
       5.925           0           0

       0.075  0.00200176 0.000922599
       0.225   0.0188801  0.00395428
       0.375   0.0567372  0.00708882
       0.525    0.121508   0.0122992
       0.675    0.174715   0.0117266
       0.825    0.214891   0.0171006
       0.975    0.308618   0.0216643
       1.125    0.383092   0.0220908
       1.275    0.456852   0.0255333
       1.425    0.530826   0.0250836
       1.575    0.497584    0.025895
       1.725    0.524506   0.0194492
       1.875    0.450864    0.019451
       2.025    0.419594   0.0191638
       2.175    0.344935   0.0141382
       2.325    0.350588    0.017048
       2.475    0.339524   0.0354019
       2.625    0.309365   0.0295969
       2.775    0.279509   0.0190775
       2.925    0.206108   0.0174015
       3.075    0.197354   0.0129553
       3.225    0.114691   0.0112521
       3.375    0.116834   0.0135435
       3.525   0.0781775   0.0111339
       3.675   0.0660435  0.00691453
       3.825     0.04597  0.00553773
       3.975   0.0237302  0.00447945
       4.125   0.0166637  0.00526329
       4.275  0.00731041  0.00263617
       4.425  0.00465315  0.00194474
       4.575  0.00233392  0.00125542
       4.725  0.00109935 0.000819506
       4.875 0.000623163 0.000479444
       5.025 0.000270429 0.000183072
       5.175  0.00021164 0.000164849
       5.325           0           0
       5.475           0           0
       5.625           0           0
       5.775           0           0
       5.925           0           0

       0.075  0.00213244 0.000889868
       0.225   0.0198569  0.00389333
       0.375   0.0571072  0.00677624
       0.525    0.121448   0.0117403
       0.675    0.174419   0.0111973
       0.825    0.214896   0.0163233
       0.975    0.309882   0.0207164
       1.125    0.380735    0.021212
       1.275    0.451338   0.0249608
       1.425    0.530505   0.0239455
       1.575    0.500735   0.0249089
       1.725    0.529369   0.0191634
       1.875    0.453993   0.0188168
       2.025    0.419363   0.0182941
       2.175    0.354049   0.0161682
       2.325    0.354509    0.016718
       2.475    0.342076   0.0338846
       2.625    0.307938   0.0282859
       2.775    0.273695   0.0190756
       2.925    0.204299   0.0167044
       3.075    0.196094   0.0124276
       3.225    0.111978   0.0110629
       3.375    0.114102   0.0132006
       3.525   0.0777189   0.0106372
       3.675   0.0634315  0.00707639
       3.825   0.0439198  0.00565283
       3.975   0.0241639  0.00429678
       4.125   0.0171605  0.00504744
       4.275  0.00697811   0.0025372
       4.425  0.00444164  0.00186781
       4.575  0.00222783  0.00120283
       4.725  0.00104938 0.000783778
       4.875 0.000594837 0.000458487
       5.025 0.000258137 0.000175163
       5.175  0.00020202 0.000157636
       5.325           0           0
       5.475           0           0
       5.625           0           0
       5.775           0           0
       5.925           0           0

       0.075  0.00205582  0.00085447
       0.225   0.0198175  0.00372425
       0.375   0.0588164  0.00669372
       0.525    0.125099    0.011784
       0.675    0.178408    0.011399
       0.825    0.213663   0.0156601
       0.975    0.306881   0.0200318
       1.125    0.381498   0.0203035
       1.275    0.450365   0.0238945
       1.425    0.527034   0.0231545
       1.575    0.499436   0.0238598
       1.725    0.526908   0.0184875
       1.875    0.458604   0.0185552
       2.025    0.419181   0.0174996
       2.175    0.358685   0.0161162
       2.325    0.362002   0.0175904
       2.475    0.342246   0.0324118
       2.625    0.306779   0.0270798
       2.775    0.268097     0.01905
       2.925    0.206291   0.0160965
       3.075    0.198089   0.0120463
       3.225    0.109286   0.0109045
       3.375    0.110867    0.013017
       3.525   0.0755502   0.0103935
       3.675   0.0612319  0.00710237
       3.825    0.042445  0.00559612
       3.975   0.0246779  0.00414061
       4.125   0.0175819  0.00484554
       4.275  0.00667472  0.00244496
       4.425  0.00424852  0.00179655
       4.575  0.00213097  0.00115443
       4.725  0.00100376 0.000751028
       4.875 0.000568975 0.000439281
       5.025 0.000246914 0.000167907
       5.175 0.000193237 0.000151027
       5.325           0           0
       5.475           0           0
       5.625           0           0
       5.775           0           0
       5.925           0           0

       0.075  0.00215792 0.000824944
       0.225   0.0199151  0.00357036
       0.375   0.0593956  0.00643982
       0.525    0.125782   0.0113127
       0.675    0.174879   0.0114574
       0.825    0.217636   0.0155033
       0.975    0.310396   0.0195031
       1.125    0.384933    0.019746
       1.275    0.445892   0.0233138
       1.425    0.528032   0.0222112
       1.575    0.500957    0.022914
       1.725    0.526114   0.0177342
       1.875     0.46036   0.0178649
       2.025    0.417384   0.0168625
       2.175    0.367009   0.0174625
       2.325     0.36552   0.0172055
       2.475    0.343182   0.0310748
       2.625    0.300399   0.0266926
       2.775    0.264306   0.0186298
       2.925    0.203683   0.0156356
       3.075    0.200399   0.0117637
       3.225    0.108038   0.0105214
       3.375    0.108099   0.0127655
       3.525   0.0739609   0.0100812
       3.675    0.060409  0.00685395
       3.825   0.0419033   0.0053891
       3.975   0.0246373  0.00396828
       4.125   0.0168493  0.00469869
       4.275   0.0063966  0.00235885
       4.425   0.0040715   0.0017304
       4.575  0.00204218  0.00110973
       4.725 0.000961934 0.000720898
       4.875 0.000545267 0.000421617
       5.025 0.000236626 0.000161225
       5.175 0.000185185 0.000144949
       5.325           0           0
       5.475           0           0
       5.625           0           0
       5.775           0           0
       5.925           0           0

       0.075   0.0020716 0.000796449
       0.225   0.0202272  0.00344115
       0.375   0.0589926  0.00619483
       0.525    0.126321   0.0108731
       0.675    0.175126   0.0110018
       0.825    0.223511   0.0159575
       0.975     0.30698   0.0190197
       1.125    0.396877   0.0222772
       1.275    0.442953   0.0225657
       1.425    0.527143   0.0213406
       1.575    0.500479   0.0220024
       1.725    0.521551   0.0176021
       1.875    0.465886   0.0179848
       2.025    0.421884   0.0167776
       2.175    0.368585    0.016835
       2.325    0.364738   0.0165351
       2.475    0.338094   0.0302454
       2.625    0.296731   0.0258757
       2.775    0.261094   0.0181593
       2.925    0.198938   0.0157137
       3.075    0.198901   0.0113881
       3.225    0.109627   0.0102199
       3.375     0.10739   0.0122746
       3.525   0.0743383    0.009685
       3.675        0.06  0.00659198
       3.825   0.0417309   0.0051763
       3.975   0.0241926  0.00383439
       4.125    0.016837  0.00451076
       4.275  0.00664691  0.00227774
       4.425  0.00438519  0.00168937
       4.575  0.00258272  0.00118973
       4.725 0.000923457 0.000693088
       4.875 0.000523457 0.000405316
       5.025  0.00022716 0.000155054
       5.175 0.000177778  0.00013934
       5.325           0           0
       5.475           0           0
       5.625           0           0
       5.775           0           0
       5.925           0           0

       0.075  0.00200617 0.000768499
       0.225   0.0194872  0.00338743
       0.375   0.0602754  0.00608794
       0.525    0.124767   0.0105653
       0.675    0.174587   0.0105918
       0.825    0.225218   0.0154348
       0.975    0.308191   0.0183267
       1.125      0.3983   0.0214659
       1.275     0.44472   0.0217669
       1.425    0.523502   0.0208281
       1.575    0.494008   0.0220874
       1.725    0.523993   0.0170938
       1.875    0.477142   0.0205147
       2.025    0.424067   0.0162737
       2.175    0.375235   0.0174515
       2.325    0.361693   0.0161771
       2.475    0.334824   0.0292583
       2.625     0.29693   0.0248813
       2.775    0.258108   0.0177047
       2.925    0.196016   0.0153786
       3.075    0.201365   0.0112134
       3.225    0.108946  0.00984953
       3.375    0.104772   0.0120784
       3.525   0.0729558  0.00941064
       3.675   0.0602255   0.0063423
       3.825   0.0406481  0.00508918
       3.975    0.023471  0.00375419
       4.125   0.0163414  0.00436442
       4.275  0.00639126  0.00220444
       4.425  0.00421652   0.0016328
       4.575  0.00248338  0.00114811
       4.725 0.000887939 0.000667341
       4.875 0.000503324 0.000390227
       5.025 0.000218424 0.000149336
       5.175  0.00017094 0.000134148
       5.325           0           0
       5.475           0           0
       5.625           0           0
       5.775           0           0
       5.925           0           0

       0.075  0.00193187  0.00074362
       0.225    0.018834  0.00332434
       0.375   0.0615592  0.00599629
       0.525    0.124163   0.0101912
       0.675    0.172503   0.0104024
       0.825    0.222915   0.0150341
       0.975    0.313868   0.0185065
       1.125    0.399076   0.0206849
       1.275     0.44596    0.020996
       1.425    0.518233   0.0207125
       1.575    0.494042   0.0212694
       1.725    0.524147   0.0164614
       1.875    0.476804   0.0197577
       2.025    0.427826   0.0160992
       2.175    0.384115   0.0189301
       2.325    0.366891   0.0163918
       2.475    0.332908   0.0282374
       2.625    0.290807   0.0247017
       2.775    0.254131   0.0174898
       2.925    0.192497   0.0152064
       3.075    0.203923   0.0110861
       3.225    0.109998  0.00954073
       3.375    0.104278   0.0116412
       3.525   0.0713809  0.00919295
       3.675   0.0591404  0.00619954
       3.825   0.0397714  0.00497565
       3.975   0.0233676  0.00361657
       4.125   0.0168839  0.00423635
       4.275   0.0065455  0.00212818
       4.425  0.00406036  0.00157977
       4.575   0.0023914  0.00110926
       4.725 0.000855053 0.000643434
       4.875 0.000484682 0.000376219
       5.025 0.000210334 0.000144024
       5.175 0.000164609 0.000129329
       5.325           0           0
       5.475           0           0
       5.625           0           0
       5.775           0           0
       5.925           0           0

       0.075  0.00193122 0.000717062
       0.225   0.0186596  0.00321019
       0.375   0.0604431  0.00588509
       0.525    0.124601  0.00983667
       0.675    0.171204   0.0101118
       0.825    0.225981   0.0148065
       0.975    0.314832   0.0178706
       1.125    0.400461   0.0199924
       1.275    0.446953   0.0202696
       1.425      0.5161   0.0200823
       1.575    0.492994   0.0205356
       1.725    0.527158   0.0161465
       1.875    0.477725   0.0190735
       2.025    0.429892   0.0156563
       2.175    0.383582   0.0182616
       2.325    0.371173   0.0163561
       2.475    0.333514   0.0272354
       2.625    0.287136   0.0240907
       2.775    0.250805   0.0171786
       2.925    0.189881   0.0148866
       3.075    0.200545   0.0111931
       3.225    0.113111  0.00969454
       3.375    0.105705   0.0113127
       3.525   0.0720062  0.00888587
       3.675   0.0578792  0.00610507
       3.825    0.038631  0.00492691
       3.975   0.0230137  0.00350469
       4.125   0.0164727  0.00410496
       4.275  0.00640212    0.002057
       4.425  0.00391534  0.00152999
       4.575    0.002306  0.00107293
       4.725 0.000824515 0.000621179
       4.875 0.000467372 0.000363181
       5.025 0.000202822 0.000139076
       5.175  0.00015873 0.000124844
       5.325           0           0
       5.475           0           0
       5.625           0           0
       5.775           0           0
       5.925           0           0

       0.075  0.00186462 0.000695421
       0.225   0.0183929  0.00311055
       0.375   0.0609685  0.00570556
       0.525    0.124527  0.00949774
       0.675    0.171022  0.00976473
       0.825    0.226731   0.0143149
       0.975      0.3146   0.0172559
       1.125    0.402859   0.0194463
       1.275    0.444502   0.0197183
       1.425    0.515715   0.0193935
       1.575    0.494681   0.0198966
       1.725    0.529393   0.0157436
       1.875    0.482942   0.0191159
       2.025    0.432739   0.0153732
       2.175    0.379536   0.0180746
       2.325    0.372456   0.0158424
       2.475     0.33655   0.0264649
       2.625    0.283142   0.0235888
       2.775    0.248312   0.0167661
       2.925    0.186107    0.014844
       3.075    0.195496   0.0118913
       3.225    0.116201  0.00984033
       3.375    0.107424   0.0110524
       3.525   0.0725713  0.00859741
       3.675   0.0583546  0.00591303
       3.825   0.0376713  0.00484956
       3.975   0.0222201  0.00347252
       4.125   0.0159046  0.00400251
       4.275  0.00618135  0.00199788
       4.425  0.00378033  0.00148318
       4.575  0.00222648  0.00103887
       4.725 0.000796083 0.000600409
       4.875 0.000451256 0.000351015
       5.025 0.000195828 0.000134456
       5.175 0.000153257 0.000120659
       5.325           0           0
       5.475           0           0
       5.625           0           0
       5.775           0           0
       5.925           0           0

       0.075  0.00183745 0.000672771
       0.225   0.0180329  0.00302762
       0.375   0.0608128   0.0055175
       0.525    0.125416  0.00922259
       0.675    0.170249  0.00946977
       0.825    0.224506   0.0140095
       0.975    0.315175   0.0166903
       1.125    0.409648   0.0199481
       1.275    0.445356   0.0190796
       1.425    0.511669   0.0191645
       1.575    0.495331    0.019244
       1.725    0.526778   0.0154346
       1.875    0.488481   0.0192647
       2.025    0.432366   0.0148653
       2.175    0.379611   0.0174723
       2.325    0.375068   0.0155281
       2.475    0.340687   0.0259041
       2.625    0.285033   0.0228782
       2.775     0.24584   0.0163886
       2.925    0.181432   0.0150673
       3.075    0.193436    0.011672
       3.225    0.113922   0.0097726
       3.375    0.106831   0.0106999
       3.525   0.0715329   0.0083733
       3.675   0.0590885  0.00576129
       3.825   0.0371461  0.00471627
       3.975   0.0226811  0.00338723
       4.125   0.0153745  0.00390405
       4.275  0.00597531  0.00194188
       4.425  0.00365432  0.00143908
       4.575  0.00215226  0.00100689
       4.725 0.000769547 0.000580981
       4.875 0.000436214 0.000339636
       5.025   0.0001893 0.000130133
       5.175 0.000148148 0.000116745
       5.325           0           0
       5.475           0           0
       5.625           0           0
       5.775           0           0
       5.925           0           0

