# VELOCITY:     BLOCK_POFV:
0.075 0
0.225 0.00123457
0.375 0.0278395
0.525 0.0404321
0.675 0.0606173
0.825 0.101667
0.975 0.111111
1.125 0.143395
1.275 0.214691
1.425 0.220741
1.575 0.203086
1.725 0.269877
1.875 0.387963
2.025 0.389259
2.175 0.292778
2.325 0.351111
2.475 0.821914
2.625 0.837654
2.775 0.514321
2.925 0.467716
3.075 0.366296
3.225 0.273765
3.375 0.166173
3.525 0.127901
3.675 0.0804321
3.825 0.0721605
3.975 0.0414198
4.125 0.031358
4.275 0.0115432
4.425 0.00987654
4.575 0.0123457
4.725 0.0062963
4.875 0.00308642
5.025 0.00314815
5.175 0.00345679
5.325 0
5.475 0
5.625 0
5.775 0
5.925 0

0.075 0
0.225 0.0145679
0.375 0.0400617
0.525 0.11642
0.675 0.148395
0.825 0.170864
0.975 0.199259
1.125 0.296728
1.275 0.368148
1.425 0.424568
1.575 0.412407
1.725 0.39
1.875 0.37216
2.025 0.409691
2.175 0.392037
2.325 0.369877
2.475 0.450926
2.625 0.328827
2.775 0.27784
2.925 0.235741
3.075 0.217778
3.225 0.201852
3.375 0.136543
3.525 0.210926
3.675 0.11642
3.825 0.104568
3.975 0.0658025
4.125 0.0664815
4.275 0.0371605
4.425 0.037716
4.575 0.0225926
4.725 0.0167901
4.875 0.01
5.025 0.00253086
5.175 0.000987654
5.325 0
5.475 0
5.625 0
5.775 0
5.925 0

0.075 0.0174691
0.225 0.0283951
0.375 0.0475926
0.525 0.0884568
0.675 0.166605
0.825 0.121049
0.975 0.214383
1.125 0.361975
1.275 0.389136
1.425 0.35784
1.575 0.445062
1.725 0.499753
1.875 0.455062
2.025 0.58537
2.175 0.501543
2.325 0.268765
2.475 0.330741
2.625 0.287469
2.775 0.247901
2.925 0.289568
3.075 0.251173
3.225 0.0910494
3.375 0.211543
3.525 0.151481
3.675 0.104877
3.825 0.0362346
3.975 0.0294444
4.125 0.0690741
4.275 0.00425926
4.425 0.0133951
4.575 0
4.725 0
4.875 0
5.025 0
5.175 0
5.325 0
5.475 0
5.625 0
5.775 0
5.925 0

0.075 0.00722222
0.225 0.018642
0.375 0.0754321
0.525 0.219691
0.675 0.140556
0.825 0.180123
0.975 0.249136
1.125 0.309753
1.275 0.357222
1.425 0.43179
1.575 0.556852
1.725 0.598827
1.875 0.406049
2.025 0.513889
2.175 0.265
2.325 0.354383
2.475 0.317531
2.625 0.343827
2.775 0.209444
2.925 0.289753
3.075 0.204444
3.225 0.104691
3.375 0.274877
3.525 0.0564198
3.675 0.016358
3.825 0.035679
3.975 0.0264198
4.125 0.0593827
4.275 0.0389506
4.425 0.00432099
4.575 0
4.725 0
4.875 0
5.025 0
5.175 0
5.325 0
5.475 0
5.625 0
5.775 0
5.925 0

0.075 0
0.225 0.0208642
0.375 0.110185
0.525 0.082037
0.675 0.151667
0.825 0.274136
0.975 0.462222
1.125 0.33642
1.275 0.357346
1.425 0.576975
1.575 0.445062
1.725 0.602222
1.875 0.432531
2.025 0.324012
2.175 0.328025
2.325 0.348086
2.475 0.322037
2.625 0.276975
2.775 0.209815
2.925 0.231605
3.075 0.11642
3.225 0.102099
3.375 0.21216
3.525 0.0991358
3.675 0.1
3.825 0.0390741
3.975 0.0243827
4.125 0.0588889
4.275 0.022284
4.425 0
4.575 0
4.725 0
4.875 0
5.025 0
5.175 0
5.325 0
5.475 0
5.625 0
5.775 0
5.925 0

0.075 0.00154321
0.225 0.0205556
0.375 0.037716
0.525 0.0855556
0.675 0.219198
0.825 0.396173
0.975 0.300802
1.125 0.294198
1.275 0.416543
1.425 0.597099
1.575 0.660988
1.725 0.575988
1.875 0.324074
2.025 0.329259
2.175 0.325062
2.325 0.409136
2.475 0.256667
2.625 0.279444
2.775 0.320494
2.925 0.146235
3.075 0.187593
3.225 0.0488272
3.375 0.12037
3.525 0.0444444
3.675 0.0658025
3.825 0.0772222
3.975 0.0845062
4.125 0.012284
4.275 0.0183951
4.425 0.00833333
4.575 0.00216049
4.725 0
4.875 0
5.025 0
5.175 0
5.325 0
5.475 0
5.625 0
5.775 0
5.925 0

0.075 0
0.225 0.0054321
0.375 0.0461111
0.525 0.0643827
0.675 0.15142
0.825 0.338642
0.975 0.369877
1.125 0.365123
1.275 0.60321
1.425 0.509938
1.575 0.477654
1.725 0.553951
1.875 0.326173
2.025 0.448951
2.175 0.402531
2.325 0.280123
2.475 0.316914
2.625 0.182099
2.775 0.405556
2.925 0.142963
3.075 0.172099
3.225 0.0888889
3.375 0.168272
3.525 0.133025
3.675 0.0479012
3.825 0.0360494
3.975 0.0293827
4.125 0
4.275 0
4.425 0
4.575 0
4.725 0
4.875 0
5.025 0
5.175 0
5.325 0
5.475 0
5.625 0
5.775 0
5.925 0

0.075 0
0.225 0.0214198
0.375 0.0209877
0.525 0.0938889
0.675 0.201728
0.825 0.246728
0.975 0.211852
1.125 0.368765
1.275 0.495926
1.425 0.599815
1.575 0.63642
1.725 0.428889
1.875 0.337716
2.025 0.492716
2.175 0.400864
2.325 0.42679
2.475 0.316543
2.625 0.245309
2.775 0.293086
2.925 0.209198
3.075 0.210062
3.225 0.107346
3.375 0.113765
3.525 0.0162346
3.675 0.128086
3.825 0.0382716
3.975 0.00425926
4.125 0
4.275 0
4.425 0
4.575 0
4.725 0
4.875 0
5.025 0
5.175 0
5.325 0
5.475 0
5.625 0
5.775 0
5.925 0

0.075 0.00808642
0.225 0.0281481
0.375 0.0711111
0.525 0.0808642
0.675 0.178272
0.825 0.225926
0.975 0.142284
1.125 0.313086
1.275 0.65037
1.425 0.528951
1.575 0.645556
1.725 0.659259
1.875 0.42179
2.025 0.321975
2.175 0.338704
2.325 0.344938
2.475 0.263704
2.625 0.325123
2.775 0.174136
2.925 0.242346
3.075 0.220988
3.225 0.150309
3.375 0.119938
3.525 0.0417901
3.675 0.0971605
3.825 0.0412963
3.975 0.0254938
4.125 0.00506173
4.275 0
4.425 0
4.575 0
4.725 0
4.875 0
5.025 0
5.175 0
5.325 0
5.475 0
5.625 0
5.775 0
5.925 0

0.075 0
0.225 0.000185185
0.375 0.0342593
0.525 0.0527778
0.675 0.112222
0.825 0.197716
0.975 0.207284
1.125 0.462284
1.275 0.468333
1.425 0.494753
1.575 0.615802
1.725 0.582593
1.875 0.62179
2.025 0.536173
2.175 0.366852
2.325 0.293086
2.475 0.223827
2.625 0.405247
2.775 0.240679
2.925 0.197099
3.075 0.184444
3.225 0.126914
3.375 0.0738272
3.525 0.11216
3.675 0.0467284
3.825 0.00037037
3.975 0.00481481
4.125 0.00444444
4.275 0
4.425 0
4.575 0
4.725 0
4.875 0
5.025 0
5.175 0
5.325 0
5.475 0
5.625 0
5.775 0
5.925 0

0.075 0
0.225 0.00783951
0.375 0.050679
0.525 0.0741975
0.675 0.132531
0.825 0.198519
0.975 0.292901
1.125 0.477284
1.275 0.436111
1.425 0.448086
1.575 0.562963
1.725 0.518827
1.875 0.590309
2.025 0.504321
2.175 0.42679
2.325 0.281728
2.475 0.253704
2.625 0.456111
2.775 0.322407
2.925 0.176481
3.075 0.11463
3.225 0.0675926
3.375 0.129321
3.525 0.0795062
3.675 0.0438272
3.825 0.014321
3.975 0.00567901
4.125 0
4.275 0
4.425 0
4.575 0
4.725 0
4.875 0
5.025 0
5.175 0
5.325 0
5.475 0
5.625 0
5.775 0
5.925 0

0.075 0.000802469
0.225 0.0648148
0.375 0.0308025
0.525 0.075679
0.675 0.0881481
0.825 0.111481
0.975 0.313519
1.125 0.486111
1.275 0.599568
1.425 0.742469
1.575 0.620864
1.725 0.555556
1.875 0.529012
2.025 0.318333
2.175 0.268765
2.325 0.351914
2.475 0.173272
2.625 0.18037
2.775 0.267222
2.925 0.185926
3.075 0.282778
3.225 0.112901
3.375 0.0896296
3.525 0.0691358
3.675 0.0677778
3.825 0.0731481
3.975 0.00666667
4.125 0
4.275 0
4.425 0
4.575 0
4.725 0
4.875 0
5.025 0
5.175 0
5.325 0
5.475 0
5.625 0
5.775 0
5.925 0

0.075 0
0.225 0.0248765
0.375 0.0817901
0.525 0.12358
0.675 0.14142
0.825 0.252901
0.975 0.33216
1.125 0.588951
1.275 0.569877
1.425 0.642469
1.575 0.637716
1.725 0.505432
1.875 0.39963
2.025 0.259383
2.175 0.274136
2.325 0.215185
2.475 0.165123
2.625 0.270494
2.775 0.377778
2.925 0.127407
3.075 0.212037
3.225 0.111111
3.375 0.0833333
3.525 0.103704
3.675 0.0532099
3.825 0.0933951
3.975 0.0118519
4.125 0.00771605
4.275 0
4.425 0
4.575 0
4.725 0
4.875 0
5.025 0
5.175 0
5.325 0
5.475 0
5.625 0
5.775 0
5.925 0

0.075 0
0.225 0.000679012
0.375 0.000925926
0.525 0.198951
0.675 0.26821
0.825 0.264506
0.975 0.444568
1.125 0.45179
1.275 0.422222
1.425 0.575494
1.575 0.527901
1.725 0.507407
1.875 0.34679
2.025 0.301173
2.175 0.35321
2.325 0.350741
2.475 0.18179
2.625 0.24216
2.775 0.415185
2.925 0.247222
3.075 0.267407
3.225 0.072284
3.375 0.022284
3.525 0.0298148
3.675 0.0534568
3.825 0.0335185
3.975 0.038642
4.125 0.0238889
4.275 0.0171605
4.425 0.00728395
4.575 0
4.725 0
4.875 0
5.025 0
5.175 0
5.325 0
5.475 0
5.625 0
5.775 0
5.925 0

0.075 0.00123457
0.225 0.0103704
0.375 0.0309259
0.525 0.165494
0.675 0.168642
0.825 0.170864
0.975 0.270247
1.125 0.564321
1.275 0.647901
1.425 0.521173
1.575 0.493333
1.725 0.582469
1.875 0.450123
2.025 0.365062
2.175 0.362346
2.325 0.436235
2.475 0.244506
2.625 0.243827
2.775 0.245062
2.925 0.111481
3.075 0.177593
3.225 0.0604938
3.375 0.047963
3.525 0.138148
3.675 0.0722222
3.825 0.0667284
3.975 0.0138272
4.125 0.00148148
4.275 0.00259259
4.425 0
4.575 0
4.725 0
4.875 0
5.025 0
5.175 0
5.325 0
5.475 0
5.625 0
5.775 0
5.925 0

0.075 0
0.225 0.0690123
0.375 0.114568
0.525 0.140741
0.675 0.211852
0.825 0.27142
0.975 0.406173
1.125 0.355926
1.275 0.447963
1.425 0.473333
1.575 0.373272
1.725 0.437407
1.875 0.447901
2.025 0.440432
2.175 0.370062
2.325 0.361358
2.475 0.601605
2.625 0.314012
2.775 0.15858
2.925 0.193519
3.075 0.102469
3.225 0.102469
3.375 0.0608025
3.525 0.0598765
3.675 0.105679
3.825 0.0314198
3.975 0.0108642
4.125 0.00395062
4.275 0
4.425 0
4.575 0
4.725 0
4.875 0
5.025 0
5.175 0
5.325 0
5.475 0
5.625 0
5.775 0
5.925 0

0.075 0
0.225 0.0264198
0.375 0.110494
0.525 0.124074
0.675 0.265617
0.825 0.341358
0.975 0.45
1.125 0.302963
1.275 0.359321
1.425 0.504691
1.575 0.322407
1.725 0.543642
1.875 0.443272
2.025 0.483148
2.175 0.264012
2.325 0.346235
2.475 0.635062
2.625 0.307531
2.775 0.205926
2.925 0.199198
3.075 0.180247
3.225 0.0610494
3.375 0.0725309
3.525 0.0173457
3.675 0.0298148
3.825 0.0425309
3.975 0.0277778
4.125 0
4.275 0
4.425 0
4.575 0
4.725 0
4.875 0
5.025 0
5.175 0
5.325 0
5.475 0
5.625 0
5.775 0
5.925 0

0.075 0
0.225 0.00746914
0.375 0.0670988
0.525 0.134938
0.675 0.237593
0.825 0.194074
0.975 0.388272
1.125 0.325864
1.275 0.537593
1.425 0.54679
1.575 0.53463
1.725 0.572469
1.875 0.585802
2.025 0.388086
2.175 0.257778
2.325 0.307963
2.475 0.375864
2.625 0.279259
2.775 0.255617
2.925 0.13821
3.075 0.166914
3.225 0.0959259
3.375 0.0814198
3.525 0.0457407
3.675 0.0458025
3.825 0.0438889
3.975 0.0158025
4.125 0.00592593
4.275 0.00117284
4.425 0.0167901
4.575 0.0119136
4.725 0
4.875 0
5.025 0
5.175 0
5.325 0
5.475 0
5.625 0
5.775 0
5.925 0

0.075 0
0.225 0
0.375 0.0403086
0.525 0.14463
0.675 0.2
0.825 0.109938
0.975 0.373148
1.125 0.462901
1.275 0.57963
1.425 0.689259
1.575 0.438827
1.725 0.425062
1.875 0.558025
2.025 0.412469
2.175 0.436358
2.325 0.29358
2.475 0.231852
2.625 0.239877
2.775 0.236605
2.925 0.219321
3.075 0.138519
3.225 0.163272
3.375 0.153827
3.525 0.0511728
3.675 0.0318519
3.825 0.0362346
3.975 0
4.125 0
4.275 0
4.425 0
4.575 0
4.725 0
4.875 0
5.025 0
5.175 0
5.325 0
5.475 0
5.625 0
5.775 0
5.925 0

0.075 0
0.225 0.00814815
0.375 0.0388889
0.525 0.256975
0.675 0.18216
0.825 0.171481
0.975 0.357963
1.125 0.445123
1.275 0.374815
1.425 0.660926
1.575 0.479074
1.725 0.592469
1.875 0.479938
2.025 0.519259
2.175 0.286481
2.325 0.360062
2.475 0.249444
2.625 0.174691
2.775 0.310432
2.925 0.203519
3.075 0.197778
3.225 0.166543
3.375 0.0534568
3.525 0.0207407
3.675 0.0175309
3.825 0.0320988
3.975 0.0266667
4.125 0
4.275 0
4.425 0
4.575 0
4.725 0
4.875 0
5.025 0
5.175 0
5.325 0
5.475 0
5.625 0
5.775 0
5.925 0

0.075 0.00567901
0.225 0.0174074
0.375 0.113704
0.525 0.187901
0.675 0.24216
0.825 0.173148
0.975 0.383827
1.125 0.331975
1.275 0.297963
1.425 0.600185
1.575 0.359383
1.725 0.612531
1.875 0.552037
2.025 0.468519
2.175 0.330309
2.325 0.611049
2.475 0.396975
2.625 0.276358
2.775 0.181605
2.925 0.0737654
3.075 0.172778
3.225 0.0991358
3.375 0.0614815
3.525 0.0330247
3.675 0.0619753
3.825 0.0171605
3.975 0.00462963
4.125 0
4.275 0
4.425 0
4.575 0
4.725 0
4.875 0
5.025 0
5.175 0
5.325 0
5.475 0
5.625 0
5.775 0
5.925 0

0.075 0.00487654
0.225 0.0403704
0.375 0.0648765
0.525 0.120185
0.675 0.16821
0.825 0.215
0.975 0.33642
1.125 0.331235
1.275 0.335556
1.425 0.523765
1.575 0.566914
1.725 0.631481
1.875 0.519691
2.025 0.414506
2.175 0.545432
2.325 0.436852
2.475 0.395679
2.625 0.277963
2.775 0.151605
2.925 0.166296
3.075 0.16963
3.225 0.055
3.375 0.0567284
3.525 0.0680864
3.675 0.00858025
3.825 0.000864198
3.975 0.0332716
4.125 0.0275926
4.275 0
4.425 0
4.575 0
4.725 0
4.875 0
5.025 0
5.175 0
5.325 0
5.475 0
5.625 0
5.775 0
5.925 0

0.075 0.00037037
0.225 0.0189506
0.375 0.0964198
0.525 0.205432
0.675 0.266173
0.825 0.186543
0.975 0.240864
1.125 0.398272
1.275 0.428951
1.425 0.450679
1.575 0.470864
1.725 0.472778
1.875 0.560062
2.025 0.415185
2.175 0.460679
2.325 0.526852
2.475 0.345988
2.625 0.281296
2.775 0.144938
2.925 0.250123
3.075 0.241975
3.225 0.0500617
3.375 0.0396914
3.525 0.0278395
3.675 0.0128395
3.825 0.01
3.975 0.0359877
4.125 0.0268519
4.275 0
4.425 0
4.575 0
4.725 0
4.875 0
5.025 0
5.175 0
5.325 0
5.475 0
5.625 0
5.775 0
5.925 0

0.075 0.00450617
0.225 0.0221605
0.375 0.072716
0.525 0.141481
0.675 0.0937037
0.825 0.309012
0.975 0.391235
1.125 0.463951
1.275 0.343025
1.425 0.550988
1.575 0.535926
1.725 0.50784
1.875 0.500741
2.025 0.376049
2.175 0.558457
2.325 0.44642
2.475 0.364691
2.625 0.153642
2.775 0.177099
2.925 0.143704
3.075 0.253519
3.225 0.079321
3.375 0.0444444
3.525 0.0374074
3.675 0.0414815
3.825 0.0294444
3.975 0.0237037
4.125 0
4.275 0
4.425 0
4.575 0
4.725 0
4.875 0
5.025 0
5.175 0
5.325 0
5.475 0
5.625 0
5.775 0
5.925 0

0.075 0
0.225 0.027716
0.375 0.049321
0.525 0.139259
0.675 0.181049
0.825 0.364506
0.975 0.225
1.125 0.683519
1.275 0.372407
1.425 0.505802
1.575 0.489012
1.725 0.412037
1.875 0.598519
2.025 0.529877
2.175 0.40642
2.325 0.345988
2.475 0.215988
2.625 0.208704
2.775 0.184012
2.925 0.0850617
3.075 0.162963
3.225 0.147778
3.375 0.0903704
3.525 0.0833951
3.675 0.0501852
3.825 0.0375926
3.975 0.0135185
4.125 0.0165432
4.275 0.0126543
4.425 0.0119136
4.575 0.0155556
4.725 0
4.875 0
5.025 0
5.175 0
5.325 0
5.475 0
5.625 0
5.775 0
5.925 0

0.075 0.00037037
0.225 0.000987654
0.375 0.0923457
0.525 0.0859259
0.675 0.161111
0.825 0.267901
0.975 0.338457
1.125 0.433889
1.275 0.488889
1.425 0.432469
1.575 0.332222
1.725 0.585062
1.875 0.758519
2.025 0.478642
2.175 0.541481
2.325 0.285556
2.475 0.253086
2.625 0.301914
2.775 0.183457
2.925 0.122963
3.075 0.262963
3.225 0.0919136
3.375 0.039321
3.525 0.0383951
3.675 0.0658642
3.825 0.0135802
3.975 0.0054321
4.125 0.00395062
4.275 0
4.425 0
4.575 0
4.725 0
4.875 0
5.025 0
5.175 0
5.325 0
5.475 0
5.625 0
5.775 0
5.925 0

0.075 0
0.225 0.00185185
0.375 0.0949383
0.525 0.108457
0.675 0.118333
0.825 0.163025
0.975 0.461481
1.125 0.419259
1.275 0.47821
1.425 0.381235
1.575 0.494938
1.725 0.528148
1.875 0.468025
2.025 0.525556
2.175 0.615
2.325 0.502037
2.475 0.283086
2.625 0.131605
2.775 0.150741
2.925 0.100988
3.075 0.270432
3.225 0.137346
3.375 0.0914198
3.525 0.0304321
3.675 0.0309259
3.825 0.0169753
3.975 0.020679
4.125 0.0309877
4.275 0.0105556
4.425 0
4.575 0
4.725 0
4.875 0
5.025 0
5.175 0
5.325 0
5.475 0
5.625 0
5.775 0
5.925 0

0.075 0.00191358
0.225 0.0139506
0.375 0.0303086
0.525 0.13642
0.675 0.136111
0.825 0.308765
0.975 0.340864
1.125 0.43784
1.275 0.473765
1.425 0.458519
1.575 0.464691
1.725 0.608457
1.875 0.502593
2.025 0.485679
2.175 0.369198
2.325 0.48679
2.475 0.349877
2.625 0.188025
2.775 0.160988
2.925 0.119259
3.075 0.109321
3.225 0.19716
3.375 0.144259
3.525 0.0888889
3.675 0.0238272
3.825 0.00783951
3.975 0.0134568
4.125 0.00537037
4.275 0.00253086
4.425 0
4.575 0
4.725 0
4.875 0
5.025 0
5.175 0
5.325 0
5.475 0
5.625 0
5.775 0
5.925 0

0.075 0
0.225 0.0109259
0.375 0.075679
0.525 0.122469
0.675 0.165926
0.825 0.247716
0.975 0.308086
1.125 0.47
1.275 0.375864
1.425 0.504938
1.575 0.541914
1.725 0.591975
1.875 0.629012
2.025 0.512469
2.175 0.266235
2.325 0.408395
2.475 0.421543
2.625 0.171296
2.775 0.178519
2.925 0.0804321
3.075 0.0541358
3.225 0.202716
3.375 0.155556
3.525 0.0883951
3.675 0.0716667
3.825 0.0108025
3.975 0
4.125 0
4.275 0
4.425 0
4.575 0
4.725 0
4.875 0
5.025 0
5.175 0
5.325 0
5.475 0
5.625 0
5.775 0
5.925 0

0.075 0.00104938
0.225 0.00759259
0.375 0.0562963
0.525 0.151173
0.675 0.14784
0.825 0.16
0.975 0.331852
1.125 0.606543
1.275 0.470123
1.425 0.394321
1.575 0.514198
1.725 0.450926
1.875 0.649136
2.025 0.421543
2.175 0.38179
2.325 0.450802
2.475 0.460679
2.625 0.339877
2.775 0.174136
2.925 0.0458642
3.075 0.133704
3.225 0.0478395
3.375 0.0896296
3.525 0.0414198
3.675 0.0803704
3.825 0.0219136
3.975 0.0360494
4.125 0
4.275 0
4.425 0
4.575 0
4.725 0
4.875 0
5.025 0
5.175 0
5.325 0
5.475 0
5.625 0
5.775 0
5.925 0

