# generation best_length mean_best_half
0 15.1781472464 18.4533700690
1 14.1174063008 17.5136440457
2 13.9038123591 16.7407883947
3 13.0068946465 15.9080431052
4 12.2413451055 15.0963942129
5 12.1190887910 14.3725855972
6 11.9441525878 13.8223572202
7 11.0453201321 13.2924431988
8 10.9401420170 12.8798086948
9 10.3412203834 12.4201323190
10 10.0227522876 12.1221738599
11 9.7327975666 11.8267355226
12 9.2231539757 11.5600235893
13 9.0748960499 11.1757311279
14 8.6990489820 10.7435659334
15 8.6990489820 10.4154746858
16 8.2523498662 9.9953905128
17 8.2151436406 9.6708349102
18 7.9720732230 9.2641789438
19 7.9655833946 9.1210482452
20 7.8977263171 8.8711504498
21 7.2810833046 8.7323301887
22 7.1778440654 8.6240267337
23 6.5063046478 8.4447642798
24 6.4887760076 8.1387904134
25 6.4887760076 7.9076508566
26 6.3535805383 7.4953221180
27 6.1685751074 7.1034169271
28 6.1140508999 6.9015809905
29 6.0070678542 6.8293124129
30 6.0070678542 6.7449142675
31 5.9068079279 6.6161965445
32 5.9068079279 6.4107763731
33 5.8117436688 6.2840117938
34 5.6101693165 6.2374539383
35 5.6101693165 6.2221703658
36 5.6101693165 6.2052683268
37 5.5629827804 6.3459307377
38 5.3672265133 6.3140152349
39 5.3561175109 6.3138169809
40 5.3438572184 6.2049264694
41 5.2632970261 6.0123237789
42 5.2510367336 5.8929587357
43 5.2510367336 5.8384980220
44 5.2368200911 5.7717093741
45 5.2368200911 5.6857091333
46 5.0590024137 5.6753235266
47 5.0447857711 5.5649402742
48 5.0447857711 5.5039580769
49 5.0447857711 5.4409920987
50 5.0447857711 5.3324782607
51 5.0085920499 5.3324743514
52 5.0085920499 5.3611241021
53 5.0085920499 5.3273332636
54 5.0085920499 5.2347738999
55 5.0085920499 5.3169306795
56 5.0085920499 5.3196164708
57 5.0085920499 5.3342316496
58 5.0085920499 5.2926511290
59 5.0085920499 5.3076992769
60 5.0085920499 5.2693852196
61 5.0085920499 5.3067772695
62 5.0085920499 5.2570388405
63 5.0085920499 5.2768246573
64 5.0048957017 5.2319893340
65 4.9986083015 5.2418730967
66 4.8030186484 5.2571571879
67 4.8030186484 5.1840222606
68 4.8030186484 5.2187803707
69 4.7967506869 5.2003833552
70 4.7967506869 5.0477217845
71 4.7967506869 5.0741605572
72 4.7967506869 5.0277398139
73 4.7967506869 5.0555934325
74 4.7967506869 5.1347070465
75 4.7967506869 5.0871284432
76 4.7967506869 5.1061773253
77 4.7967506869 5.2036940083
78 4.7967506869 5.1860593765
79 4.7967506869 5.1309961787
80 4.7967506869 5.1313730046
81 4.7967506869 5.0079116868
82 4.7967506869 5.0350155272
83 4.7967506869 5.0270877000
84 4.7967506869 5.0144766406
85 4.7967506869 5.0092179945
86 4.7967506869 5.0289111593
87 4.7967506869 5.0533992436
88 4.7967506869 5.0410921860
89 4.7967506869 5.0347100081
90 4.7967506869 5.0193199875
91 4.7967506869 5.0120680445
92 4.7967506869 5.0210234414
93 4.7967506869 5.0188673276
94 4.7967506869 5.0364023563
95 4.7967506869 5.0603460975
96 4.7967506869 5.0621997794
97 4.7967506869 5.0175197778
98 4.7967506869 5.0516997499
99 4.7967506869 5.0573194488
100 4.7967506869 5.0460615050
101 4.7967506869 5.0798370610
102 4.7967506869 5.0740028169
103 4.7967506869 5.0289927731
104 4.7967506869 4.9988985264
105 4.7967506869 5.0623028487
106 4.7967506869 5.0727215011
107 4.7967506869 5.0161906498
108 4.7967506869 5.0152373970
109 4.7967506869 5.0165468835
110 4.7967506869 5.0485575540
111 4.7967506869 5.0217304936
112 4.7967506869 5.0932990460
113 4.7967506869 5.0814491780
114 4.7967506869 5.0447896704
115 4.7967506869 5.1348023979
116 4.7967506869 5.0958506728
117 4.7967506869 5.0739012338
118 4.7967506869 5.0432948421
119 4.7967506869 5.0422318967
120 4.7967506869 4.9615723045
121 4.7967506869 5.1044298525
122 4.7967506869 5.1112906981
123 4.7967506869 5.0776886184
124 4.7967506869 5.0626247926
125 4.7967506869 5.1242667810
126 4.7967506869 5.0913925096
127 4.7967506869 5.0645039253
128 4.7967506869 5.0417300833
129 4.7967506869 5.0411965588
130 4.7967506869 4.9765839245
131 4.7967506869 5.0075496711
132 4.7967506869 4.9631880996
133 4.7967506869 5.0310298590
134 4.7967506869 5.0181024842
135 4.7967506869 5.0265414689
136 4.7967506869 4.9967105985
137 4.7967506869 5.0349869837
138 4.7967506869 5.0828782546
139 4.7967506869 5.0036735929
140 4.7967506869 5.0513429449
141 4.7967506869 5.0570243438
142 4.7967506869 5.0147929969
143 4.7967506869 4.9976412646
144 4.7967506869 5.0148918781
145 4.7967506869 5.0563645470
146 4.7967506869 5.0557429273
147 4.7967506869 5.0322102412
148 4.7967506869 5.0616364342
149 4.7967506869 5.1056715263
150 4.7967506869 5.0438514580
151 4.7967506869 4.9846608492
152 4.7967506869 5.0064579462
153 4.7967506869 4.9901844265
154 4.7967506869 4.9524172267
155 4.7967506869 5.0395416820
156 4.7967506869 5.0379116831
157 4.7967506869 4.9926317937
158 4.7967506869 5.0137362900
159 4.7967506869 5.0354810754
160 4.7967506869 5.0355759605
161 4.7967506869 5.0190215575
162 4.7967506869 5.0191022422
163 4.7967506869 4.9875476368
164 4.7967506869 4.9729826883
165 4.7967506869 4.9818310395
166 4.7967506869 5.0413791173
167 4.7967506869 5.0326619280
168 4.7967506869 5.0772411718
169 4.7967506869 5.0634400642
170 4.7967506869 5.0507845760
171 4.7967506869 5.0943320363
172 4.7967506869 5.1146688919
173 4.7967506869 5.0447138183
174 4.7967506869 5.0646991803
175 4.7967506869 5.0278213683
176 4.7967506869 5.0626808932
177 4.7967506869 5.0915114670
178 4.7967506869 5.0884547268
179 4.7967506869 5.1078828979
180 4.7967506869 5.0949235413
181 4.7967506869 5.0628934686
182 4.7967506869 4.9962466116
183 4.7967506869 5.0080834725
184 4.7967506869 5.0663056960
185 4.7967506869 5.1369352755
186 4.7967506869 5.1307714817
187 4.7967506869 5.0581656336
188 4.7962446297 5.0773954851
189 4.7962446297 5.0865814559
190 4.7962446297 5.0238270849
191 4.7962446297 5.0329811935
192 4.7962446297 5.0694982638
193 4.7962446297 5.0312794014
194 4.7962446297 5.0231275099
195 4.7962446297 5.0601829069
196 4.7962446297 5.0641871490
197 4.7962446297 5.0759939899
198 4.7962446297 5.0736431164
199 4.7962446297 5.0142701365
200 4.7962446297 4.9957911951
201 4.7962446297 5.0206589412
202 4.7962446297 5.0546770695
203 4.7962446297 5.0755566839
204 4.7962446297 5.0697092608
205 4.7962446297 5.0646490263
206 4.7962446297 5.0641318745
207 4.7962446297 5.0066734090
208 4.7962446297 5.0027054256
209 4.7962446297 4.9888577994
210 4.7962446297 5.0592358101
211 4.7962446297 4.9849447960
212 4.7962446297 4.9466112760
213 4.7962446297 4.9766798140
214 4.7962446297 4.9511969617
215 4.7962446297 5.0237845625
216 4.7962446297 5.0482638162
217 4.7962446297 5.0626920177
218 4.7962446297 5.1176715969
219 4.7962446297 5.0729517243
220 4.7962446297 4.9699397451
221 4.7962446297 5.0097292881
222 4.7962446297 4.9920007186
223 4.7962446297 4.9502564935
224 4.7962446297 5.0079576354
225 4.7962446297 5.0123768719
226 4.7962446297 5.0558569172
227 4.7962446297 5.0209800004
228 4.7962446297 4.9869028406
229 4.7962446297 5.0692287389
230 4.7962446297 5.0685843438
231 4.7962446297 5.0523515806
232 4.7962446297 5.0118749226
233 4.7962446297 4.9683084202
234 4.7962446297 4.9342945787
235 4.7962446297 4.9533049514
236 4.7962446297 5.0639552265
237 4.7962446297 5.0616544479
238 4.7962446297 5.0212216922
239 4.7962446297 4.9588691234
240 4.7962446297 4.9962763099
241 4.7962446297 4.9793404734
242 4.7962446297 5.0572922953
243 4.7962446297 5.0749092227
244 4.7962446297 5.0413092771
245 4.7962446297 5.0725728954
246 4.7962446297 5.0185995830
247 4.7962446297 5.0345747422
248 4.7962446297 5.0323273631
249 4.7962446297 5.0646086749
250 4.7962446297 5.0640903958
251 4.7962446297 5.1001823474
252 4.7962446297 5.0324989688
253 4.7962446297 4.9959271655
254 4.7962446297 4.9956160080
255 4.7962446297 4.9783274021
256 4.7962446297 4.9870700474
257 4.7962446297 5.0110772331
258 4.7962446297 5.0090803612
259 4.7962446297 5.0291336412
260 4.7962446297 4.9960837434
261 4.7962446297 5.0627170020
262 4.7962446297 5.0473452891
263 4.7962446297 5.0651264478
264 4.7962446297 5.0032750947
265 4.7962446297 5.0432866406
266 4.7962446297 4.9758929369
267 4.7962446297 5.0333079042
268 4.7962446297 5.0395479581
269 4.7962446297 5.0234818825
270 4.7962446297 5.0565344908
271 4.7962446297 5.0892651640
272 4.7962446297 5.0093659276
273 4.7962446297 4.9952209498
274 4.7962446297 5.0543157863
275 4.7962446297 5.1014254236
276 4.7962446297 5.0805524847
277 4.7962446297 5.0841429974
278 4.7962446297 5.0927782342
279 4.7962446297 5.0288449870
280 4.7962446297 5.0176329144
281 4.7962446297 5.0611084654
282 4.7962446297 5.0112581147
283 4.7962446297 5.0166876110
284 4.7962446297 5.0219750908
285 4.7962446297 5.0330507701
286 4.7962446297 5.0422559718
287 4.7962446297 5.0130947923
288 4.7962446297 5.0036680713
289 4.7962446297 4.9710070048
290 4.7962446297 4.9924633475
291 4.7962446297 4.9143134528
292 4.7962446297 4.9861404422
293 4.7962446297 4.9443522824
294 4.7962446297 4.9446990479
295 4.7962446297 4.9840199267
296 4.7962446297 4.9379161833
297 4.7962446297 4.9223981957
298 4.7962446297 4.9366843739
299 4.7962446297 4.9757556875
300 4.7962446297 4.9854311733
301 4.7962446297 4.9799562327
302 4.7962446297 4.9955005642
303 4.7962446297 4.9986273660
304 4.7962446297 5.0056441038
305 4.7962446297 5.0145611528
306 4.7962446297 5.0613961096
307 4.7962446297 4.9924778082
308 4.7962446297 4.9976872496
309 4.7962446297 4.9901320114
310 4.7962446297 5.0137776387
311 4.7962446297 5.0424437478
312 4.7962446297 5.0059779793
313 4.7962446297 4.9939881506
314 4.7962446297 4.9864873048
315 4.7962446297 4.9485592402
316 4.7962446297 5.0153324566
317 4.7962446297 5.0650174063
318 4.7962446297 5.0413658683
319 4.7962446297 5.0493846179
320 4.7962446297 5.0639331030
321 4.7962446297 5.1507274392
322 4.7962446297 5.0836825254
323 4.7962446297 5.0556816178
324 4.7962446297 4.9824903321
325 4.7962446297 4.9857006675
326 4.7962446297 4.9515555165
327 4.7962446297 4.9711529030
328 4.7962446297 5.0864688693
329 4.7962446297 4.9715702558
330 4.7962446297 5.0272567421
331 4.7962446297 5.0200456591
332 4.7962446297 4.9528832214
333 4.7962446297 5.0034036099
334 4.7962446297 4.9897171561
335 4.7962446297 4.9734512745
336 4.7962446297 5.0319443515
337 4.7962446297 4.9896961515
338 4.7962446297 5.0720831549
339 4.7962446297 5.0132405214
340 4.7962446297 5.0013544381
341 4.7962446297 5.0465411423
342 4.7962446297 5.0501376196
343 4.7962446297 4.9945996434
344 4.7962446297 5.1043472539
345 4.7962446297 5.0581110569
346 4.7962446297 5.0456237590
347 4.7962446297 5.0674453544
348 4.7962446297 4.9895685782
349 4.7962446297 4.9959351656
350 4.7962446297 5.0127280296
351 4.7962446297 5.0301174309
352 4.7962446297 5.0682276023
353 4.7962446297 5.0986596698
354 4.7962446297 5.1295258702
355 4.7962446297 5.0649624817
356 4.7962446297 5.0231420239
357 4.7962446297 5.0463965836
358 4.7962446297 5.0086555345
359 4.7962446297 4.9889609735
360 4.7962446297 4.9857517090
361 4.7962446297 5.0012417533
362 4.7962446297 5.0094860265
363 4.7962446297 4.9987108134
364 4.7962446297 4.9944861402
365 4.7962446297 5.0047221244
366 4.7962446297 5.0622822334
367 4.7962446297 5.0279029613
368 4.7962446297 5.0357244401
369 4.7962446297 5.0529154035
370 4.7962446297 5.0490947000
371 4.7962446297 5.0396437811
372 4.7962446297 5.0302117609
373 4.7962446297 5.0718871478
374 4.7962446297 5.1022753962
375 4.7962446297 5.1300636658
376 4.7962446297 5.1156583772
377 4.7962446297 4.9943845659
378 4.7962446297 4.9948175477
379 4.7962446297 5.0398068853
380 4.7962446297 5.0897523128
381 4.7962446297 5.0799406499
382 4.7962446297 5.0884798633
383 4.7962446297 5.0451470715
384 4.7962446297 5.0548105001
385 4.7962446297 5.0310759819
386 4.7962446297 4.9788972265
387 4.7962446297 5.0138377510
388 4.7962446297 4.9909530494
389 4.7962446297 5.0466407672
390 4.7962446297 5.1020139676
391 4.7962446297 5.1753401366
392 4.7962446297 5.1102654050
393 4.7962446297 5.0202732812
394 4.7962446297 5.0650962813
395 4.7962446297 5.1011098977
396 4.7962446297 5.0490128707
397 4.7962446297 5.0314571864
398 4.7962446297 5.0422438595
399 4.7962446297 5.0813213384
400 4.7962446297 5.0712951895
401 4.7962446297 5.0732861987
402 4.7962446297 5.0786436318
403 4.7962446297 5.0703099404
404 4.7962446297 5.0863222573
405 4.7962446297 5.0637281153
406 4.7962446297 5.0454102924
407 4.7962446297 4.9905702459
408 4.7962446297 4.9909255889
409 4.7962446297 5.0102833350
410 4.7962446297 4.9530686339
411 4.7962446297 5.0026468643
412 4.7962446297 4.9968414801
413 4.7962446297 5.1057107075
414 4.7962446297 5.0545730541
415 4.7962446297 5.0515919343
416 4.7962446297 5.0097460021
417 4.7962446297 5.0344926659
418 4.7962446297 5.0122171122
419 4.7962446297 5.0496392571
420 4.7962446297 5.1031537162
421 4.7962446297 5.0531003362
422 4.7962446297 5.0563199210
423 4.7962446297 5.0257239472
424 4.7962446297 5.1148941644
425 4.7962446297 5.1681199203
426 4.7962446297 5.0536100158
427 4.7962446297 5.0635590299
428 4.7962446297 5.0715858386
429 4.7962446297 5.0462588467
430 4.7962446297 5.0231624934
431 4.7962446297 4.9975168078
432 4.7962446297 5.0253035317
433 4.7962446297 5.0887942153
434 4.7962446297 5.0679796995
435 4.7962446297 5.0565894950
436 4.7962446297 5.0424757267
437 4.7962446297 5.0383899548
438 4.7962446297 5.0612125546
439 4.7962446297 5.0611140963
440 4.7962446297 5.0546423338
441 4.7962446297 5.1463740669
442 4.7962446297 5.1300985905
443 4.7962446297 5.0675271674
444 4.7962446297 5.0853568548
445 4.7962446297 5.1220073902
446 4.7962446297 5.1117208417
447 4.7962446297 5.0635949255
448 4.7962446297 5.0391073615
449 4.7962446297 5.0716474852
450 4.7962446297 5.0716474952
451 4.7962446297 5.0384970116
452 4.7962446297 5.0787270578
453 4.7962446297 5.0748472525
454 4.7962446297 5.0367130481
455 4.7962446297 5.0566655642
456 4.7962446297 5.0113513471
457 4.7962446297 5.0412087213
458 4.7962446297 4.9932694967
459 4.7962446297 5.0473615102
460 4.7962446297 5.0304819535
461 4.7962446297 5.0554820015
462 4.7962446297 5.0650091423
463 4.7962446297 5.0128613499
464 4.7962446297 5.0348379350
465 4.7962446297 5.0182553331
466 4.7962446297 5.0421686096
467 4.7962446297 5.0543048423
468 4.7962446297 5.1187059943
469 4.7962446297 5.1080689668
470 4.7962446297 5.0353394615
471 4.7962446297 5.0321195917
472 4.7962446297 5.0322168118
473 4.7962446297 4.9776438062
474 4.7962446297 5.0321257996
475 4.7962446297 4.9281552270
476 4.7962446297 4.9417380121
477 4.7962446297 5.0064672402
478 4.7962446297 5.0028613123
479 4.7962446297 5.0278897414
480 4.7962446297 4.9595419746
481 4.7962446297 4.9904362416
482 4.7962446297 4.9740155844
483 4.7962446297 4.9861448990
484 4.7962446297 5.0097031789
485 4.7962446297 5.0786750916
486 4.7962446297 5.0458660103
487 4.7962446297 5.0378188281
488 4.7962446297 5.0840559211
489 4.7962446297 5.0456734448
490 4.7962446297 5.0879970089
491 4.7962446297 5.1588139336
492 4.7962446297 5.1353125020
493 4.7962446297 5.1052024649
494 4.7962446297 5.0969862800
495 4.7962446297 5.1175352917
496 4.7962446297 5.0700800477
497 4.7962446297 5.0565368279
498 4.7962446297 5.0889728865
499 4.7962446297 5.1284476359
500 4.7962446297 5.0745246855
501 4.7962446297 5.0476876755
502 4.7962446297 5.0393966466
503 4.7962446297 5.0748076977
504 4.7962446297 5.0755533003
505 4.7962446297 5.0477637332
506 4.7962446297 5.0397361874
507 4.7962446297 5.0220669005
508 4.7962446297 5.0255998492
509 4.7962446297 5.0382512650
510 4.7962446297 5.0004118390
511 4.7962446297 5.0568291878
512 4.7962446297 5.0351289663
513 4.7962446297 5.0610258061
514 4.7962446297 5.1377603858
515 4.7962446297 5.1350254265
516 4.7962446297 5.1172196976
517 4.7962446297 5.1003436691
518 4.7962446297 5.1039680888
519 4.7962446297 5.1214249030
520 4.7962446297 5.0496084512
521 4.7962446297 5.0268002935
522 4.7962446297 5.0227846995
523 4.7962446297 4.9803450927
524 4.7962446297 5.0166465824
525 4.7962446297 5.0412103254
526 4.7962446297 5.0698402114
527 4.7962446297 5.0416995455
528 4.7962446297 4.9891191015
529 4.7962446297 4.9787446743
530 4.7962446297 5.0318910519
531 4.7962446297 5.0790946733
532 4.7962446297 5.1241215280
533 4.7962446297 5.1430464816
534 4.7962446297 5.0494350028
535 4.7962446297 5.0329741389
536 4.7962446297 5.0335834591
537 4.7962446297 5.0599069527
538 4.7962446297 5.0481505433
539 4.7962446297 5.0451851116
540 4.7962446297 4.9804518610
541 4.7962446297 4.9857051845
542 4.7962446297 4.9276509851
543 4.7962446297 4.9416156373
544 4.7962446297 4.9724533370
545 4.7962446297 5.0145772464
546 4.7962446297 5.0352847464
547 4.7962446297 5.0553392725
548 4.7962446297 5.0884178850
549 4.7962446297 5.1215691433
550 4.7962446297 5.0371038256
551 4.7962446297 5.0156556529
552 4.7962446297 5.0342030274
553 4.7962446297 5.0141506452
554 4.7962446297 4.9368503048
555 4.7962446297 4.9348783308
556 4.7962446297 5.0386146170
557 4.7962446297 5.1016827345
558 4.7962446297 5.0074489696
559 4.7962446297 5.0581744765
560 4.7962446297 5.0435950109
561 4.7962446297 4.9966720766
562 4.7962446297 5.0779144498
563 4.7962446297 5.0614307697
564 4.7962446297 5.0505188996
565 4.7962446297 5.0835693148
566 4.7962446297 5.0451241976
567 4.7962446297 4.9759838891
568 4.7962446297 4.9915430644
569 4.7962446297 5.0057454543
570 4.7962446297 5.0021723083
571 4.7962446297 5.0133094437
572 4.7962446297 5.0091879459
573 4.7962446297 5.0341389503
574 4.7962446297 5.0103313864
575 4.7962446297 5.0145425826
576 4.7962446297 4.9874447032
577 4.7962446297 4.9924790860
578 4.7962446297 5.0443269054
579 4.7962446297 5.0273029966
580 4.7962446297 5.0381994386
581 4.7962446297 5.0349467702
582 4.7962446297 4.9840356486
583 4.7962446297 4.9861738797
584 4.7962446297 5.0682420354
585 4.7962446297 5.0486817184
586 4.7962446297 5.0110840319
587 4.7962446297 5.0655558970
588 4.7962446297 5.1102356704
589 4.7962446297 5.1438620983
590 4.7962446297 5.0615515262
591 4.7962446297 5.0630837712
592 4.7962446297 5.0017914323
593 4.7962446297 4.9894756764
594 4.7962446297 5.0037002067
595 4.7962446297 4.9976192774
596 4.7962446297 5.0489360218
597 4.7962446297 5.0947371179
598 4.7962446297 5.0515609765
599 4.7962446297 5.0480280532
600 4.7962446297 5.0524168972
601 4.7962446297 5.0845804330
602 4.7962446297 5.0409043457
603 4.7962446297 5.0802764281
604 4.7962446297 5.0540016019
605 4.7962446297 5.0409542584
606 4.7962446297 5.0245624947
607 4.7962446297 4.9767278196
608 4.7962446297 5.0061492545
609 4.7962446297 4.9281378676
610 4.7962446297 4.9133950906
611 4.7962446297 4.9690076913
612 4.7962446297 4.9894840995
613 4.7962446297 5.0037814556
614 4.7962446297 5.0112805532
615 4.7962446297 5.0217250403
616 4.7962446297 5.0271886004
617 4.7962446297 5.0615874293
618 4.7962446297 5.1389381141
619 4.7962446297 5.0926900981
620 4.7962446297 5.0419398682
621 4.7962446297 5.0046413771
622 4.7962446297 5.0836784013
623 4.7962446297 5.0052958608
624 4.7962446297 5.0875596008
625 4.7962446297 5.0670171247
626 4.7962446297 5.0425146641
627 4.7962446297 5.0756510239
628 4.7962446297 5.1060762480
629 4.7962446297 5.0524086258
630 4.7962446297 5.0072215730
631 4.7962446297 5.0238689412
632 4.7962446297 5.0099463668
633 4.7962446297 4.9797856239
634 4.7962446297 5.0538104112
635 4.7962446297 5.0165707340
636 4.7962446297 5.0432899064
637 4.7962446297 5.0172955467
638 4.7962446297 5.0800538444
639 4.7962446297 5.0772452742
640 4.7962446297 5.0506113779
641 4.7962446297 5.0981777473
642 4.7962446297 5.0667900122
643 4.7962446297 5.0607795049
644 4.7962446297 5.0468653944
645 4.7962446297 4.9804182794
646 4.7962446297 5.0109003392
647 4.7962446297 5.0188044151
648 4.7962446297 5.0085298417
649 4.7962446297 5.0625699173
650 4.7962446297 4.9988228077
651 4.7962446297 4.9691279039
652 4.7962446297 5.0395212473
653 4.7962446297 5.0438159760
654 4.7962446297 5.0303142594
655 4.7962446297 5.1177301285
656 4.7962446297 5.0661218757
657 4.7962446297 5.0103601177
658 4.7962446297 4.9532250333
659 4.7962446297 5.0113453703
660 4.7962446297 4.9985085769
661 4.7962446297 5.0247716711
662 4.7962446297 5.0886619770
663 4.7962446297 5.0762071881
664 4.7962446297 5.0164087206
665 4.7962446297 5.0083066556
666 4.7962446297 5.0743232150
667 4.7962446297 5.0164707933
668 4.7962446297 4.9645986601
669 4.7962446297 4.9790027271
670 4.7962446297 5.0430317360
671 4.7962446297 5.0640978444
672 4.7962446297 5.0344904858
673 4.7962446297 5.0279704536
674 4.7962446297 5.0641438780
675 4.7962446297 5.0643703609
676 4.7962446297 5.0887988282
677 4.7962446297 5.0598010492
678 4.7962446297 5.0227107379
679 4.7962446297 4.9887816467
680 4.7962446297 5.0146724656
681 4.7962446297 5.0184548910
682 4.7962446297 5.0077824557
683 4.7962446297 5.1016336808
684 4.7962446297 5.0022172817
685 4.7962446297 4.9980386599
686 4.7962446297 5.0300501393
687 4.7962446297 5.0438594007
688 4.7962446297 5.0095312977
689 4.7962446297 5.0278245802
690 4.7962446297 5.0176190337
691 4.7962446297 5.0160524265
692 4.7962446297 5.0859829684
693 4.7962446297 5.0937958317
694 4.7962446297 5.0971550335
695 4.7962446297 5.0555958689
696 4.7962446297 5.0641698107
697 4.7962446297 5.1270821056
698 4.7962446297 5.1275989337
699 4.7962446297 5.1382997527
700 4.7962446297 5.0118926031
701 4.7962446297 5.0474828569
702 4.7962446297 5.0534386521
703 4.7962446297 5.0737608626
704 4.7962446297 5.0447495828
705 4.7962446297 5.1005631700
706 4.7962446297 5.0823891963
707 4.7962446297 5.0750310123
708 4.7962446297 5.0362179522
709 4.7962446297 4.9756864130
710 4.7962446297 5.0020842963
711 4.7962446297 5.0058223223
712 4.7962446297 4.9761404934
713 4.7962446297 5.0924335967
714 4.7962446297 5.0609468179
715 4.7962446297 5.0610603964
716 4.7962446297 5.0540206846
717 4.7962446297 5.0244026255
718 4.7962446297 5.0154099057
719 4.7962446297 5.0065880703
720 4.7962446297 4.9889498714
721 4.7962446297 5.0130500860
722 4.7962446297 5.0164757408
723 4.7962446297 5.0198603932
724 4.7962446297 5.0543351093
725 4.7962446297 5.0117819227
726 4.7962446297 4.9525533671
727 4.7962446297 5.0525605593
728 4.7962446297 5.0239336619
729 4.7962446297 5.0752525700
730 4.7962446297 5.0089903471
731 4.7962446297 5.0129294451
732 4.7962446297 4.9936648465
733 4.7962446297 4.9992498365
734 4.7962446297 5.0192632218
735 4.7962446297 5.0599644467
736 4.7962446297 5.1094383915
737 4.7962446297 5.0457763544
738 4.7962446297 5.0728946908
739 4.7962446297 5.1009930096
740 4.7962446297 5.0476663564
741 4.7962446297 5.0616756915
742 4.7962446297 5.0511325277
743 4.7962446297 5.0145273806
744 4.7962446297 4.9665446514
745 4.7962446297 4.9898549208
746 4.7962446297 5.0261769350
747 4.7962446297 5.0220297714
748 4.7962446297 5.0376916996
749 4.7962446297 5.0838304531
750 4.7962446297 5.1053388431
751 4.7962446297 5.0987635725
752 4.7962446297 5.0638715481
753 4.7962446297 5.0593627373
754 4.7962446297 4.9970148301
755 4.7962446297 5.0254627396
756 4.7962446297 5.0155479062
757 4.7962446297 4.9879816350
758 4.7962446297 4.9559391796
759 4.7962446297 5.0161553179
760 4.7962446297 4.9919548217
761 4.7962446297 4.9783154482
762 4.7962446297 5.0234719787
763 4.7962446297 5.0770586588
764 4.7962446297 5.1149000460
765 4.7962446297 5.0558795117
766 4.7962446297 5.0680187171
767 4.7962446297 4.9816408400
768 4.7962446297 4.9467935253
769 4.7962446297 5.0083361188
770 4.7962446297 5.0681428633
771 4.7962446297 5.0357164974
772 4.7962446297 5.0166649816
773 4.7962446297 4.9866744626
774 4.7962446297 5.0781119996
775 4.7962446297 5.0705989121
776 4.7962446297 5.0090627076
777 4.7962446297 5.0172505592
778 4.7962446297 5.0191626075
779 4.7962446297 5.0875426962
780 4.7962446297 5.0567449555
781 4.7962446297 5.0933500062
782 4.7962446297 5.0672092589
783 4.7962446297 5.1665171349
784 4.7962446297 5.1301615397
785 4.7962446297 5.1237487708
786 4.7962446297 5.1037124474
787 4.7962446297 5.1112259310
788 4.7962446297 5.1312085588
789 4.7962446297 5.0894773183
790 4.7962446297 5.0805362787
791 4.7962446297 5.0737996845
792 4.7962446297 5.0547279463
793 4.7962446297 5.0141731294
794 4.7962446297 4.9771022626
795 4.7962446297 5.0028733015
796 4.7962446297 4.9503781651
797 4.7962446297 4.9859693258
798 4.7962446297 4.9968120527
799 4.7962446297 5.0497673815
800 4.7962446297 5.0908695795
801 4.7962446297 5.0364706704
802 4.7962446297 5.0340271844
803 4.7962446297 5.0563825207
804 4.7962446297 4.9979203798
805 4.7962446297 5.0050924681
806 4.7962446297 4.9882343843
807 4.7962446297 4.9963876930
808 4.7962446297 5.0134663560
809 4.7962446297 4.9934301872
810 4.7962446297 5.0511542700
811 4.7962446297 5.0201496789
812 4.7962446297 5.0349441329
813 4.7962446297 5.0716992969
814 4.7962446297 4.9847185412
815 4.7962446297 5.0414904279
816 4.7962446297 5.1100537522
817 4.7962446297 5.0846849087
818 4.7962446297 5.1411946863
819 4.7962446297 5.0721674446
820 4.7962446297 5.0692793629
821 4.7962446297 5.0932513253
822 4.7962446297 5.1636061684
823 4.7962446297 5.0990557316
824 4.7962446297 4.9861165090
825 4.7962446297 4.9553042205
826 4.7962446297 5.0112387360
827 4.7962446297 4.9993277421
828 4.7962446297 5.0621611493
829 4.7962446297 5.0775176884
830 4.7962446297 5.0332141963
831 4.7962446297 4.9810755402
832 4.7962446297 5.0331068594
833 4.7962446297 4.9678737570
834 4.7962446297 4.9758610962
835 4.7962446297 5.0483503216
836 4.7962446297 5.0053817616
837 4.7962446297 5.0160479298
838 4.7962446297 5.0173383251
839 4.7962446297 5.0324649741
840 4.7962446297 5.0049700334
841 4.7962446297 5.0426003942
842 4.7962446297 4.9846655000
843 4.7962446297 5.0880713746
844 4.7962446297 5.0585528237
845 4.7962446297 5.0075276948
846 4.7962446297 5.0144009831
847 4.7962446297 5.0534014477
848 4.7962446297 5.0952777081
849 4.7962446297 5.0165382492
850 4.7962446297 4.9556269806
851 4.7962446297 4.9710323820
852 4.7962446297 5.0503945225
853 4.7962446297 5.0646477571
854 4.7962446297 5.1012736881
855 4.7962446297 5.1309591721
856 4.7962446297 5.0622030297
857 4.7962446297 5.0181048687
858 4.7962446297 5.0253775592
859 4.7962446297 4.9720081062
860 4.7962446297 4.9958338050
861 4.7962446297 5.1254960471
862 4.7962446297 5.0791083651
863 4.7962446297 5.0643254295
864 4.7962446297 5.0085697614
865 4.7962446297 5.0600109807
866 4.7962446297 4.9780018629
867 4.7962446297 4.9792464957
868 4.7962446297 5.0229641089
869 4.7962446297 4.9568758979
870 4.7962446297 4.9532050814
871 4.7962446297 5.0157894751
872 4.7962446297 5.0557432841
873 4.7962446297 5.1015786329
874 4.7962446297 5.0704483201
875 4.7962446297 5.1263470204
876 4.7962446297 5.0543803317
877 4.7962446297 5.0637097155
878 4.7962446297 5.0399561316
879 4.7962446297 5.0501112041
880 4.7962446297 5.0455353196
881 4.7962446297 5.0328400165
882 4.7962446297 5.0456838379
883 4.7962446297 5.0185316849
884 4.7962446297 5.0538370529
885 4.7962446297 5.0948784129
886 4.7962446297 5.0988820291
887 4.7962446297 5.0769853895
888 4.7962446297 5.0440794821
889 4.7962446297 5.0268301709
890 4.7962446297 5.0557975602
891 4.7962446297 4.9945223405
892 4.7962446297 5.0400735178
893 4.7962446297 5.0039335675
894 4.7962446297 5.0765450170
895 4.7962446297 5.0567094068
896 4.7962446297 5.1484795891
897 4.7962446297 5.1354230632
898 4.7962446297 5.2111210625
899 4.7962446297 5.1952820413
900 4.7962446297 5.1417584823
901 4.7962446297 5.0485852381
902 4.7962446297 4.9802381406
903 4.7962446297 5.0065884321
904 4.7962446297 5.0381982857
905 4.7962446297 5.0266059793
906 4.7962446297 5.0135401688
907 4.7962446297 5.0161111835
908 4.7962446297 5.0647957049
909 4.7962446297 4.9811459737
910 4.7962446297 4.9380620474
911 4.7962446297 5.0144390659
912 4.7962446297 5.0064334143
913 4.7962446297 4.9945279223
914 4.7962446297 4.9740928112
915 4.7962446297 4.9815735844
916 4.7962446297 5.0149068614
917 4.7962446297 5.0911264934
918 4.7962446297 5.0500464758
919 4.7962446297 5.0097507498
920 4.7962446297 5.0142906566
921 4.7962446297 4.9354962856
922 4.7962446297 4.9635309576
923 4.7962446297 5.0213104678
924 4.7962446297 4.9944403138
925 4.7962446297 5.1007307633
926 4.7962446297 5.0998485803
927 4.7962446297 5.1017087733
928 4.7962446297 5.0214251620
929 4.7962446297 5.0910533479
930 4.7962446297 5.0604818132
931 4.7962446297 5.0462298040
932 4.7962446297 5.0070146050
933 4.7962446297 5.0055041455
934 4.7962446297 5.0090717987
935 4.7962446297 4.9981287074
936 4.7962446297 4.9659740536
937 4.7962446297 5.0533874852
938 4.7962446297 4.9689167760
939 4.7962446297 4.9428803755
940 4.7962446297 5.0625752570
941 4.7962446297 5.0988061398
942 4.7962446297 5.0741428839
943 4.7962446297 5.0248464025
944 4.7962446297 4.9134391926
945 4.7962446297 4.9386881121
946 4.7962446297 5.0123082556
947 4.7962446297 5.0278932447
948 4.7962446297 5.0148670006
949 4.7962446297 4.9979997134
950 4.7962446297 4.9814899651
951 4.7962446297 4.9643042993
952 4.7962446297 4.9466999649
953 4.7962446297 5.0326193790
954 4.7962446297 5.0583347069
955 4.7962446297 5.1154112294
956 4.7962446297 5.0968226258
957 4.7962446297 5.0758254725
958 4.7962446297 5.0579640007
959 4.7962446297 5.0523363091
960 4.7962446297 5.0640561727
961 4.7962446297 5.0410159073
962 4.7962446297 5.0733327115
963 4.7962446297 5.0203171309
964 4.7962446297 4.9994986758
965 4.7962446297 4.9883400534
966 4.7962446297 4.9798375906
967 4.7962446297 5.0214759091
968 4.7962446297 5.0112941864
969 4.7962446297 5.0722387035
970 4.7962446297 5.0354833207
971 4.7962446297 4.9981691453
972 4.7962446297 5.0000633507
973 4.7962446297 5.0248512694
974 4.7962446297 5.0101965092
975 4.7962446297 4.9719366910
976 4.7962446297 4.9705290318
977 4.7962446297 4.9844427540
978 4.7962446297 5.0282811726
979 4.7962446297 5.0155930635
980 4.7962446297 5.0584738163
981 4.7962446297 4.9928188369
982 4.7962446297 4.9689630263
983 4.7962446297 5.0180916184
984 4.7962446297 5.1162260655
985 4.7962446297 5.0381985781
986 4.7962446297 5.0195552784
987 4.7962446297 5.0585421814
988 4.7962446297 5.0848460074
989 4.7962446297 5.1360548053
990 4.7962446297 4.9966538964
991 4.7962446297 5.0908109318
992 4.7962446297 5.0234681829
993 4.7962446297 5.0624239190
994 4.7962446297 4.9602289352
995 4.7962446297 5.0332876800
996 4.7962446297 5.0766878131
997 4.7962446297 5.0843978291
998 4.7962446297 5.0657062829
999 4.7962446297 5.0623944383
1000 4.7962446297 5.1238912059
