# generation best_length mean_best_half
0 15.1781472464 18.4533700690
1 14.1174063008 17.5136440457
2 13.9038123591 16.7407883947
3 13.0068946465 15.9080431052
4 12.2413451055 15.0963942129
5 12.1190887910 14.3725855972
6 11.9441525878 13.8223572202
7 11.0453201321 13.2924431988
8 10.9401420170 12.8798086948
9 10.3412203834 12.4201323190
10 10.0227522876 12.1221738599
11 9.7327975666 11.8267355226
12 9.2231539757 11.5600235893
13 9.0748960499 11.1757311279
14 8.6990489820 10.7435659334
15 8.6990489820 10.4154746858
16 8.2523498662 9.9953905128
17 8.2151436406 9.6708349102
18 7.9720732230 9.2641789438
19 7.9655833946 9.1210482452
20 7.8977263171 8.8711504498
21 7.2810833046 8.7323301887
22 7.1778440654 8.6240267337
23 6.5063046478 8.4447642798
24 6.4887760076 8.1387904134
25 6.4887760076 7.9076508566
26 6.3535805383 7.4953221180
27 6.1685751074 7.1034169271
28 6.1140508999 6.9015809905
29 6.0070678542 6.8293124129
30 6.0070678542 6.7449142675
31 5.9068079279 6.6161965445
32 5.9068079279 6.4107763731
33 5.8117436688 6.2840117938
34 5.6101693165 6.2374539383
35 5.6101693165 6.2221703658
36 5.6101693165 6.2052683268
37 5.5629827804 6.3459307377
38 5.3672265133 6.3140152349
39 5.3561175109 6.3138169809
40 5.3438572184 6.2049264694
41 5.2632970261 6.0123237789
42 5.2510367336 5.8929587357
43 5.2510367336 5.8384980220
44 5.2368200911 5.7717093741
45 5.2368200911 5.6857091333
46 5.0590024137 5.6753235266
47 5.0447857711 5.5649402742
48 5.0447857711 5.5039580769
49 5.0447857711 5.4409920987
50 4.8383990476 5.3297226708
51 4.7967506869 5.3174874957
52 4.7967506869 5.3050857116
53 4.7967506869 5.2465100207
54 4.7967506869 5.0726766863
55 4.7967506869 5.1550334541
56 4.7967506869 5.1325911863
57 4.7967506869 5.1277487655
58 4.7967506869 5.1036689807
59 4.7967506869 5.1107302616
60 4.7967506869 5.0816929934
61 4.7967506869 5.1121880338
62 4.7967506869 5.0219252814
63 4.7967506869 5.0230789934
64 4.7967506869 4.9903707108
65 4.7967506869 5.0254057925
66 4.7967506869 5.0626921044
67 4.7967506869 5.0209811274
68 4.7967506869 5.0692078157
69 4.7967506869 5.1137052239
70 4.7967506869 4.9796446370
71 4.7967506869 5.0379472594
72 4.7967506869 5.0175451887
73 4.7967506869 5.0685002542
74 4.7967506869 5.1655668011
75 4.7967506869 5.0909252463
76 4.7967506869 5.0911613824
77 4.7967506869 5.1767851063
78 4.7967506869 5.1591142892
79 4.7967506869 5.1414054665
80 4.7967506869 5.1620060548
81 4.7967506869 5.0316422157
82 4.7967506869 5.0316713562
83 4.7967506869 5.0144787558
84 4.7967506869 5.0052647910
85 4.7967506869 5.0025896119
86 4.7967506869 5.0001248902
87 4.7962446297 5.0310325391
88 4.7962446297 5.0407972653
89 4.7962446297 5.0343594617
90 4.7962446297 5.0243979524
91 4.7962446297 5.0204065444
92 4.7962446297 5.0192874574
93 4.7962446297 5.0349101840
94 4.7962446297 5.0422441778
95 4.7962446297 5.0457601869
96 4.7962446297 5.0818049745
97 4.7962446297 5.0400990848
98 4.7962446297 5.0823543141
99 4.7962446297 5.0684935283
100 4.7962446297 5.0451917171
101 4.7962446297 5.0650212961
102 4.7962446297 5.0533886990
103 4.7962446297 5.0042075522
104 4.7962446297 4.9896025147
105 4.7962446297 5.0658172570
106 4.7962446297 5.0774386357
107 4.7962446297 5.0280111081
108 4.7962446297 5.0359502635
109 4.7962446297 5.0362106719
110 4.7962446297 5.0451203335
111 4.7962446297 5.0130830966
112 4.7962446297 5.0698773771
113 4.7962446297 5.0651297280
114 4.7962446297 5.0545938562
115 4.7962446297 5.1189975714
116 4.7962446297 5.1028363997
117 4.7962446297 5.0886369837
118 4.7962446297 5.0765451325
119 4.7962446297 5.0712469110
120 4.7962446297 4.9989338660
121 4.7962446297 5.1223708745
122 4.7962446297 5.1032391562
123 4.7962446297 5.0830919889
124 4.7962446297 5.0701649822
125 4.7962446297 5.1140544562
126 4.7962446297 5.0725775968
127 4.7962446297 5.0473622384
128 4.7962446297 5.0102094968
129 4.7962446297 5.0048160984
130 4.7962446297 4.9553971052
131 4.7962446297 4.9958274356
132 4.7962446297 4.9567665946
133 4.7962446297 5.0243478602
134 4.7962446297 5.0164703341
135 4.7962446297 5.0230273578
136 4.7962446297 4.9959211948
137 4.7962446297 5.0273323070
138 4.7962446297 5.0628394341
139 4.7962446297 4.9963196054
140 4.7962446297 5.0498790640
141 4.7962446297 5.0635115856
142 4.7962446297 5.0195547440
143 4.7962446297 5.0111722952
144 4.7962446297 4.9823090662
145 4.7962446297 5.0569066830
146 4.7962446297 5.0552370033
147 4.7962446297 5.0289065449
148 4.7962446297 5.0799971631
149 4.7962446297 5.1062650512
150 4.7962446297 5.0453062936
151 4.7962446297 5.0132033328
152 4.7962446297 5.0575047769
153 4.7962446297 5.0224219661
154 4.7962446297 4.9893270191
155 4.7962446297 5.0688235137
156 4.7962446297 5.0678589454
157 4.7962446297 5.0237999890
158 4.7962446297 5.0555674209
159 4.7962446297 5.0629733480
160 4.7962446297 5.0566720088
161 4.7962446297 5.0685018901
162 4.7962446297 5.0452296267
163 4.7962446297 5.0350644265
164 4.7962446297 4.9940619445
165 4.7962446297 5.0018671374
166 4.7962446297 5.0367657928
167 4.7962446297 5.0483081383
168 4.7962446297 5.0646324004
169 4.7962446297 5.0210387978
170 4.7962446297 5.0273423544
171 4.7962446297 5.0814516690
172 4.7962446297 5.0785265502
173 4.7962446297 5.0092726552
174 4.7962446297 5.0521155624
175 4.7962446297 5.0067712147
176 4.7962446297 5.0354252911
177 4.7962446297 5.0676313498
178 4.7962446297 5.0724448924
179 4.7962446297 5.0907084089
180 4.7962446297 5.0778513052
181 4.7962446297 5.0790785237
182 4.7962446297 4.9981852408
183 4.7962446297 5.0131819678
184 4.7962446297 5.0704658574
185 4.7962446297 5.1045612339
186 4.7962446297 5.1043606703
187 4.7962446297 5.0693519639
188 4.7962446297 5.0868180734
189 4.7962446297 5.1249284286
190 4.7962446297 5.0604578868
191 4.7962446297 5.0593593166
192 4.7962446297 5.0980535811
193 4.7962446297 5.0625342383
194 4.7962446297 5.0598115044
195 4.7962446297 5.0653636294
196 4.7962446297 5.0725800102
197 4.7962446297 5.0881289268
198 4.7962446297 5.0880015303
199 4.7962446297 5.0116599980
200 4.7683940643 4.9832345685
201 4.7683940643 5.0478813116
202 4.7683940643 5.0597373661
203 4.7683940643 5.0399644968
204 4.7683940643 5.0464459527
205 4.7683940643 5.0555546728
206 4.7683940643 5.0799430844
207 4.7683940643 5.0104499717
208 4.7683940643 4.9877648629
209 4.7683940643 4.9509758788
210 4.7683940643 5.0407295467
211 4.7683940643 4.9687501642
212 4.7683940643 4.9381827222
213 4.7683940643 4.9476342156
214 4.7683940643 4.9473673002
215 4.7683940643 5.0237870215
216 4.7683940643 5.0226033163
217 4.7683940643 5.0456661599
218 4.7683940643 5.0787443680
219 4.7683940643 5.0350814664
220 4.7683940643 4.9512519803
221 4.7683940643 5.0131758038
222 4.7683940643 4.9928905522
223 4.7683940643 4.9663276271
224 4.7683940643 5.0265872507
225 4.7683940643 5.0202772519
226 4.7683940643 5.0494104422
227 4.7683940643 5.0284384224
228 4.7683940643 4.9657402109
229 4.7683940643 5.0311413551
230 4.7683940643 5.0082387429
231 4.7683940643 5.0283833173
232 4.7683940643 5.0105376054
233 4.7683940643 4.9642980279
234 4.7683940643 4.9247753921
235 4.7683940643 4.9351608646
236 4.7683940643 5.0449834094
237 4.7683940643 5.0457080618
238 4.7683940643 5.0113889219
239 4.7683940643 4.9688384579
240 4.7683940643 5.0260197025
241 4.7683940643 4.9948457326
242 4.7683940643 5.0667756983
243 4.7683940643 5.0791101755
244 4.7683940643 5.0734693264
245 4.7683940643 5.0565830123
246 4.7683940643 5.0020186222
247 4.7683940643 5.0128727412
248 4.7683940643 4.9972954580
249 4.7683940643 5.0179127994
250 4.7683940643 5.0171093638
251 4.7683940643 5.0245229516
252 4.7683940643 4.9651211392
253 4.7683940643 4.9722022784
254 4.7683940643 4.9814905599
255 4.7683940643 4.9678330339
256 4.7683940643 4.9724545922
257 4.7683940643 5.0272331208
258 4.7683940643 5.0240315739
259 4.7683940643 5.0274435740
260 4.7683940643 4.9892398808
261 4.7683940643 5.0537394487
262 4.7683940643 5.0414220077
263 4.7683940643 5.0423327321
264 4.7683940643 5.0058499863
265 4.7683940643 5.0244166351
266 4.7683940643 4.9542916609
267 4.7683940643 4.9915075462
268 4.7683940643 5.0066330109
269 4.7683940643 4.9955354860
270 4.7683940643 5.0390658180
271 4.7683940643 5.0368016002
272 4.7683940643 4.9749243757
273 4.7683940643 4.9648845342
274 4.7683940643 5.0323717005
275 4.7683940643 5.0730523928
276 4.7683940643 5.0600012157
277 4.7683940643 5.0299270280
278 4.7683940643 5.0194608620
279 4.7683940643 4.9867603510
280 4.7683940643 4.9688558647
281 4.7683940643 4.9990053194
282 4.7683940643 4.9711246871
283 4.7683940643 5.0014104773
284 4.7683940643 4.9916334899
285 4.7683940643 5.0090564233
286 4.7683940643 5.0191464009
287 4.7683940643 4.9883143899
288 4.7683940643 4.9821457201
289 4.7683940643 4.9421514636
290 4.7683940643 4.9726130280
291 4.7683940643 4.8835370170
292 4.7683940643 4.9833574469
293 4.7683940643 4.9393771885
294 4.7683940643 4.9539113696
295 4.7683940643 4.9797403810
296 4.7683940643 4.9429794139
297 4.7683940643 4.9251213481
298 4.7683940643 4.9255274026
299 4.7683940643 4.9846188836
300 4.7683940643 4.9834131367
301 4.7683940643 5.0009761781
302 4.7683940643 5.0069975707
303 4.7683940643 5.0008726934
304 4.7683940643 5.0191720880
305 4.7683940643 5.0214662589
306 4.7683940643 5.0753407792
307 4.7683940643 4.9939876829
308 4.7683940643 4.9722345731
309 4.7683940643 4.9519262451
310 4.7683940643 4.9662703418
311 4.7683940643 5.0191193679
312 4.7683940643 4.9934220728
313 4.7683940643 4.9679849760
314 4.7683940643 4.9398744974
315 4.7683940643 4.9392711949
316 4.7683940643 4.9771397468
317 4.7683940643 5.0539932880
318 4.7683940643 5.0570228620
319 4.7683940643 5.0582880819
320 4.7683940643 5.0921761435
321 4.7683940643 5.1886567498
322 4.7683940643 5.0586854930
323 4.7683940643 5.0047419562
324 4.7683940643 4.9504771690
325 4.7683940643 4.9646580348
326 4.7683940643 4.9384908260
327 4.7683940643 4.9568785792
328 4.7683940643 5.0850093040
329 4.7683940643 4.9815893546
330 4.7683940643 5.0176008985
331 4.7683940643 5.0285192790
332 4.7683940643 4.9285642107
333 4.7683940643 4.9990914463
334 4.7683940643 4.9602886181
335 4.7683940643 4.9407313342
336 4.7683940643 5.0077916372
337 4.7683940643 4.9667476106
338 4.7683940643 5.0686622375
339 4.7683940643 4.9769884723
340 4.7683940643 4.9621462168
341 4.7683940643 4.9887981562
342 4.7683940643 5.0078685399
343 4.7683940643 5.0009883660
344 4.7683940643 5.0999523165
345 4.7683940643 5.0406217090
346 4.7683940643 5.0248010708
347 4.7683940643 5.0503943886
348 4.7683940643 4.9618038325
349 4.7683940643 4.9624969161
350 4.7683940643 4.9999837795
351 4.7683940643 5.0290481941
352 4.7683940643 5.0542218049
353 4.7683940643 5.0995342817
354 4.7683940643 5.1291948712
355 4.7683940643 5.0420477868
356 4.7683940643 5.0220491219
357 4.7683940643 5.0398392634
358 4.7683940643 4.9949537639
359 4.7683940643 4.9746211842
360 4.7683940643 4.9703638213
361 4.7683940643 5.0055906504
362 4.7683940643 4.9965382328
363 4.7683940643 4.9769458466
364 4.7683940643 4.9613315177
365 4.7683940643 4.9720190261
366 4.7683940643 5.0656245841
367 4.7683940643 5.0355240654
368 4.7683940643 5.0173762278
369 4.7683940643 4.9992919088
370 4.7683940643 5.0082405969
371 4.7683940643 4.9912823394
372 4.7683940643 5.0044961695
373 4.7683940643 5.0488753912
374 4.7683940643 5.1026863520
375 4.7683940643 5.1372309112
376 4.7683940643 5.1032090957
377 4.7683940643 5.0022191557
378 4.7683940643 5.0088940644
379 4.7683940643 5.0424031522
380 4.7683940643 5.0837490504
381 4.7683940643 5.0702827759
382 4.7683940643 5.0661730163
383 4.7683940643 5.0207085719
384 4.7683940643 5.0032038287
385 4.7683940643 4.9968125996
386 4.7683940643 4.9495643781
387 4.7683940643 4.9907043578
388 4.7683940643 4.9683455653
389 4.7683940643 5.0252414916
390 4.7683940643 5.0446511630
391 4.7683940643 5.1194952077
392 4.7683940643 5.0716128351
393 4.7683940643 4.9995504289
394 4.7683940643 5.0655092362
395 4.7683940643 5.0870820569
396 4.7683940643 5.0222893250
397 4.7683940643 4.9915609715
398 4.7683940643 5.0317548967
399 4.7683940643 5.0732003324
400 4.7683940643 5.0350716929
401 4.7683940643 5.0638066555
402 4.7683940643 5.0667313075
403 4.7683940643 5.0591285841
404 4.7683940643 5.0994852892
405 4.7683940643 5.0614343962
406 4.7683940643 5.0351071727
407 4.7683940643 4.9658636961
408 4.7683940643 4.9659704633
409 4.7683940643 4.9867556827
410 4.7683940643 4.9448825565
411 4.7683940643 4.9669236710
412 4.7683940643 4.9713566738
413 4.7683940643 5.0869125867
414 4.7683940643 5.0399833145
415 4.7683940643 5.0304499501
416 4.7683940643 4.9854486208
417 4.7683940643 4.9815104800
418 4.7683940643 4.9495319950
419 4.7683940643 4.9987600876
420 4.7683940643 5.0554364526
421 4.7683940643 4.9953890962
422 4.7683940643 5.0336246151
423 4.7683940643 5.0103786844
424 4.7683940643 5.0969069362
425 4.7683940643 5.1370061207
426 4.7683940643 5.0178172253
427 4.7683940643 5.0121155679
428 4.7683940643 5.0100067443
429 4.7683940643 5.0441560023
430 4.7683940643 5.0031194157
431 4.7683940643 4.9634232239
432 4.7683940643 5.0288399394
433 4.7683940643 5.0800799194
434 4.7683940643 5.0611927825
435 4.7683940643 5.0742923172
436 4.7683940643 5.0345660436
437 4.7683940643 5.0368829228
438 4.7683940643 5.0627972892
439 4.7683940643 5.0699706589
440 4.7683940643 5.0591030186
441 4.7683940643 5.1114670708
442 4.7683940643 5.1146170885
443 4.7683940643 5.0229079211
444 4.7683940643 5.0263185023
445 4.7683940643 5.0290794266
446 4.7683940643 5.0565912283
447 4.7683940643 5.0228743447
448 4.7683940643 4.9986483368
449 4.7683940643 5.0271872174
450 4.7683940643 5.0339060788
451 4.7683940643 5.0015363255
452 4.7683940643 5.0209444787
453 4.7683940643 5.0208428283
454 4.7683940643 4.9649025285
455 4.7683940643 4.9931901605
456 4.7683940643 4.9592941834
457 4.7683940643 4.9703930469
458 4.7683940643 4.9309011872
459 4.7683940643 5.0093126338
460 4.7683940643 4.9693602774
461 4.7683940643 5.0282521624
462 4.7683940643 5.0421603224
463 4.7683940643 4.9900525412
464 4.7683940643 5.0156122583
465 4.7683940643 4.9897217682
466 4.7683940643 4.9941443115
467 4.7683940643 5.0335561904
468 4.7683940643 5.1017033400
469 4.7683940643 5.0945586751
470 4.7683940643 5.0339620864
471 4.7683940643 5.0130227791
472 4.7683940643 5.0203620619
473 4.7683940643 4.9621860332
474 4.7683940643 4.9972997636
475 4.7683940643 4.9066444886
476 4.7683940643 4.9207135588
477 4.7683940643 4.9963503907
478 4.7683940643 4.9780126990
479 4.7683940643 5.0169516393
480 4.7683940643 4.9505730845
481 4.7683940643 4.9883565813
482 4.7683940643 4.9591549354
483 4.7683940643 4.9486138617
484 4.7683940643 4.9750826740
485 4.7683940643 5.0291547013
486 4.7683940643 5.0255640132
487 4.7683940643 5.0356017874
488 4.7683940643 5.0613939138
489 4.7683940643 5.0194989776
490 4.7683940643 5.0288396582
491 4.7683940643 5.1189194525
492 4.7683940643 5.0773607061
493 4.7683940643 5.0375675993
494 4.7683940643 5.0389817935
495 4.7683940643 5.0623202603
496 4.7683940643 5.0212714138
497 4.7683940643 5.0273129274
498 4.7683940643 5.0536337999
499 4.7683940643 5.0636319609
500 4.7683940643 5.0126712195
501 4.7683940643 5.0109491168
502 4.7683940643 5.0022578339
503 4.7683940643 5.0195337898
504 4.7683940643 5.0608243496
505 4.7683940643 5.0566086234
506 4.7683940643 5.0331750709
507 4.7683940643 4.9834590789
508 4.7683940643 5.0135246810
509 4.7683940643 5.0083151383
510 4.7683940643 4.9554388915
511 4.7683940643 5.0080865796
512 4.7683940643 4.9901325997
513 4.7683940643 5.0457810190
514 4.7683940643 5.1567305749
515 4.7683940643 5.1304783416
516 4.7683940643 5.1148530319
517 4.7683940643 5.0922761935
518 4.7683940643 5.0710064166
519 4.7683940643 5.0895921622
520 4.7683940643 5.0181719455
521 4.7683940643 4.9818585694
522 4.7683940643 4.9738946759
523 4.7683940643 4.9529473225
524 4.7683940643 4.9652165258
525 4.7683940643 5.0216442470
526 4.7683940643 5.0557406683
527 4.7683940643 5.0141814258
528 4.7683940643 4.9483228959
529 4.7683940643 4.9305962617
530 4.7683940643 5.0167542346
531 4.7683940643 5.0495604920
532 4.7683940643 5.0647681098
533 4.7683940643 5.0791462788
534 4.7683940643 5.0247005066
535 4.7683940643 5.0156003725
536 4.7683940643 5.0066092528
537 4.7683940643 5.0475700978
538 4.7683940643 5.0215801351
539 4.7683940643 5.0388342859
540 4.7683940643 4.9832355237
541 4.7683940643 4.9972753991
542 4.7683940643 4.8964169409
543 4.7683940643 4.9104915292
544 4.7683940643 4.9561447566
545 4.7683940643 4.9968721419
546 4.7683940643 4.9902396340
547 4.7683940643 4.9947759034
548 4.7683940643 5.0487043537
549 4.7683940643 5.0923073449
550 4.7683940643 5.0143755803
551 4.7683940643 4.9965350683
552 4.7683940643 5.0173237339
553 4.7683940643 5.0121155079
554 4.7683940643 4.9184636186
555 4.7683940643 4.9222122730
556 4.7683940643 5.0001184148
557 4.7683940643 5.0605829152
558 4.7683940643 5.0061827339
559 4.7683940643 5.0439866937
560 4.7683940643 5.0127447883
561 4.7683940643 4.9693276288
562 4.7683940643 5.0516663409
563 4.7683940643 5.0345839459
564 4.7683940643 5.0154698514
565 4.7683940643 5.0231810156
566 4.7683940643 5.0168959346
567 4.7683940643 4.9722129945
568 4.7683940643 4.9673923324
569 4.7683940643 4.9976101451
570 4.7683940643 5.0137045405
571 4.7683940643 4.9897264461
572 4.7683940643 4.9784136926
573 4.7683940643 5.0206551882
574 4.7683940643 5.0184374702
575 4.7683940643 4.9824141652
576 4.7683940643 4.9372392246
577 4.7683940643 4.9501489302
578 4.7683940643 4.9872904790
579 4.7683940643 4.9980196830
580 4.7683940643 5.0298348638
581 4.7683940643 4.9935759081
582 4.7683940643 4.9684001166
583 4.7683940643 4.9634991884
584 4.7683940643 5.0456284046
585 4.7683940643 5.0413191244
586 4.7683940643 4.9632758831
587 4.7683940643 5.0203592155
588 4.7683940643 5.0718036700
589 4.7683940643 5.0876997294
590 4.7683940643 5.0122898635
591 4.7683940643 5.0266614039
592 4.7683940643 4.9664424268
593 4.7683940643 4.9494759666
594 4.7683940643 4.9629806012
595 4.7683940643 4.9731254306
596 4.7683940643 5.0172442875
597 4.7683940643 5.0738438458
598 4.7683940643 5.0355221040
599 4.7683940643 5.0423944780
600 4.7683940643 5.0511398932
601 4.7683940643 5.0331430951
602 4.7683940643 4.9965399511
603 4.7683940643 5.0368627554
604 4.7683940643 5.0190867651
605 4.7683940643 5.0349202187
606 4.7683940643 4.9935066823
607 4.7683940643 4.9654478969
608 4.7683940643 4.9753352825
609 4.7683940643 4.8962763070
610 4.7683940643 4.8770580245
611 4.7683940643 4.9332049087
612 4.7683940643 4.9396334534
613 4.7683940643 4.9773098356
614 4.7683940643 4.9989068673
615 4.7683940643 4.9900903864
616 4.7683940643 5.0130597741
617 4.7683940643 5.0624916534
618 4.7683940643 5.1112493015
619 4.7683940643 5.0644593337
620 4.7683940643 5.0152191007
621 4.7683940643 4.9794602031
622 4.7683940643 5.1213168222
623 4.7683940643 5.0003424902
624 4.7683940643 5.1103898893
625 4.7683940643 5.0540574645
626 4.7683940643 5.0325491537
627 4.7683940643 5.0573723316
628 4.7683940643 5.1114466687
629 4.7683940643 5.0752244342
630 4.7683940643 5.0017032491
631 4.7683940643 4.9900237507
632 4.7683940643 4.9867961872
633 4.7683940643 4.9536460755
634 4.7683940643 5.0360138068
635 4.7683940643 5.0346921704
636 4.7683940643 5.0401775560
637 4.7683940643 4.9922463085
638 4.7683940643 5.0765104542
639 4.7683940643 5.0382802990
640 4.7683940643 5.0301863098
641 4.7683940643 5.0491128356
642 4.7683940643 5.0291275438
643 4.7683940643 4.9980297966
644 4.7683940643 5.0061768151
645 4.7683940643 4.9237239625
646 4.7683940643 4.9873722385
647 4.7683940643 4.9815505149
648 4.7683940643 4.9933361689
649 4.7683940643 5.0350389758
650 4.7683940643 4.9791445269
651 4.7683940643 4.9633492503
652 4.7683940643 5.0372330224
653 4.7683940643 5.0457237894
654 4.7683940643 5.0370810777
655 4.7683940643 5.1172939913
656 4.7683940643 5.0806205943
657 4.7683940643 4.9966606253
658 4.7683940643 4.9702066108
659 4.7683940643 4.9943408926
660 4.7683940643 4.9876405130
661 4.7683940643 5.0476238436
662 4.7683940643 5.0892516603
663 4.7683940643 5.1051670065
664 4.7683940643 5.0171422430
665 4.7683940643 4.9990080095
666 4.7683940643 5.0461882022
667 4.7683940643 4.9748604391
668 4.7683940643 4.9328374857
669 4.7683940643 4.9178831011
670 4.7683940643 4.9784049301
671 4.7683940643 5.0091124559
672 4.7683940643 5.0020182573
673 4.7683940643 4.9977937330
674 4.7683940643 5.0550614854
675 4.7683940643 5.0385191898
676 4.7683940643 5.0724826976
677 4.7683940643 5.0409366399
678 4.7683940643 5.0227680152
679 4.7683940643 4.9450482061
680 4.7683940643 4.9839215519
681 4.7683940643 5.0029200123
682 4.7683940643 5.0292491887
683 4.7683940643 5.0773712598
684 4.7683940643 4.9744861077
685 4.7683940643 4.9636887614
686 4.7683940643 4.9988459272
687 4.7683940643 5.0204213378
688 4.7683940643 4.9627876342
689 4.7683940643 4.9754261575
690 4.7683940643 4.9835690924
691 4.7683940643 4.9937941490
692 4.7683940643 5.0330409751
693 4.7683940643 5.0612748684
694 4.7683940643 5.0417901427
695 4.7683940643 5.0236560542
696 4.7683940643 5.0506435254
697 4.7683940643 5.1037941676
698 4.7683940643 5.1254935045
699 4.7683940643 5.1194970015
700 4.7683940643 5.0027868178
701 4.7683940643 5.0325180837
702 4.7683940643 5.0166802318
703 4.7683940643 5.0335330014
704 4.7683940643 5.0240113383
705 4.7683940643 5.0332813239
706 4.7683940643 4.9991567365
707 4.7683940643 4.9866773672
708 4.7683940643 4.9578107021
709 4.7683940643 4.9295639277
710 4.7683940643 4.9704498651
711 4.7683940643 4.9551083334
712 4.7683940643 4.9517945592
713 4.7683940643 5.0244240426
714 4.7683940643 5.0371537522
715 4.7683940643 5.0443025863
716 4.7683940643 5.0197871289
717 4.7683940643 4.9998042010
718 4.7683940643 5.0145241133
719 4.7683940643 5.0155953242
720 4.7683940643 4.9888236520
721 4.7683940643 4.9997121129
722 4.7683940643 4.9821102601
723 4.7683940643 5.0022331561
724 4.7683940643 5.0375961023
725 4.7683940643 4.9833125087
726 4.7683940643 4.9216230354
727 4.7683940643 5.0015527979
728 4.7683940643 4.9971761501
729 4.7683940643 5.0386143987
730 4.7683940643 4.9606522727
731 4.7683940643 4.9920163517
732 4.7683940643 4.9634685500
733 4.7683940643 4.9964469123
734 4.7683940643 5.0150431349
735 4.7683940643 5.0537874631
736 4.7683940643 5.0919910763
737 4.7683940643 5.0377341928
738 4.7683940643 5.0433157926
739 4.7683940643 5.0483203205
740 4.7683940643 5.0191221458
741 4.7683940643 5.0301503486
742 4.7683940643 5.0464183902
743 4.7683940643 4.9865736112
744 4.7683940643 4.9347245604
745 4.7683940643 4.9819836076
746 4.7683940643 5.0100562961
747 4.7683940643 4.9933898375
748 4.7683940643 5.0093938751
749 4.7683940643 5.0558636088
750 4.7683940643 5.0683316860
751 4.7683940643 5.0703292535
752 4.7683940643 5.0343183367
753 4.7683940643 5.0136893050
754 4.7683940643 4.9612416625
755 4.7683940643 4.9524400198
756 4.7683940643 4.9809156416
757 4.7683940643 4.9536165334
758 4.7683940643 4.9405485275
759 4.7683940643 4.9825590820
760 4.7683940643 4.9481311625
761 4.7683940643 4.9435074910
762 4.7683940643 4.9919800850
763 4.7683940643 5.0470239818
764 4.7683940643 5.0630260705
765 4.7683940643 5.0049617139
766 4.7683940643 5.0075100694
767 4.7683940643 4.9519206083
768 4.7683940643 4.9111695431
769 4.7683940643 4.9703363562
770 4.7683940643 5.0062721853
771 4.7683940643 4.9926773762
772 4.7683940643 4.9829360606
773 4.7683940643 4.9766050877
774 4.7683940643 5.0486008432
775 4.7683940643 5.0594196005
776 4.7683940643 4.9357548425
777 4.7683940643 4.9693763489
778 4.7683940643 4.9749889154
779 4.7683940643 5.0462853223
780 4.7683940643 5.0505170377
781 4.7683940643 5.0344852309
782 4.7683940643 5.0300529345
783 4.7683940643 5.1102905103
784 4.7683940643 5.1122347514
785 4.7683940643 5.0940388077
786 4.7683940643 5.0631165170
787 4.7683940643 5.1044560112
788 4.7683940643 5.1083291659
789 4.7683940643 5.0885065946
790 4.7683940643 5.0210520517
791 4.7683940643 5.0284672222
792 4.7683940643 5.0155803576
793 4.7683940643 5.0353346372
794 4.7683940643 4.9792417632
795 4.7683940643 4.9785737949
796 4.7683940643 4.9307919608
797 4.7683940643 4.9569149846
798 4.7683940643 4.9658665156
799 4.7683940643 5.0228556930
800 4.7683940643 5.0281494139
801 4.7683940643 5.0024753125
802 4.7683940643 5.0464319604
803 4.7683940643 5.0417184693
804 4.7683940643 4.9852084735
805 4.7683940643 4.9902999878
806 4.7683940643 4.9267435360
807 4.7683940643 4.9780567764
808 4.7683940643 4.9925113773
809 4.7683940643 4.9984266061
810 4.7683940643 5.0387870211
811 4.7683940643 5.0307424287
812 4.7683940643 5.0464225400
813 4.7683940643 5.0459181001
814 4.7683940643 4.9982977383
815 4.7683940643 5.0399367685
816 4.7683940643 5.0846783589
817 4.7683940643 5.0704511755
818 4.7683940643 5.1429797712
819 4.7683940643 5.0824913930
820 4.7683940643 5.0915248193
821 4.7683940643 5.0758194224
822 4.7683940643 5.1486872641
823 4.7683940643 5.0595200237
824 4.7683940643 4.9553100209
825 4.7683940643 4.9096132294
826 4.7683940643 4.9535596043
827 4.7683940643 4.9737659523
828 4.7683940643 5.0178274526
829 4.7683940643 5.0024911918
830 4.7683940643 4.9676260841
831 4.7683940643 4.9193225435
832 4.7683940643 4.9533207255
833 4.7683940643 4.9418786213
834 4.7683940643 4.9731395301
835 4.7683940643 5.0401454826
836 4.7683940643 4.9834852355
837 4.7683940643 5.0044257394
838 4.7683940643 5.0092234743
839 4.7683940643 5.0154209566
840 4.7683940643 5.0103106477
841 4.7683940643 4.9911069081
842 4.7683940643 4.9658446161
843 4.7683940643 5.0620217125
844 4.7683940643 5.0030419606
845 4.7683940643 4.9873272848
846 4.7683940643 4.9742157695
847 4.7683940643 5.0286815693
848 4.7683940643 5.0414631247
849 4.7683940643 4.9906340109
850 4.7683940643 4.9338300244
851 4.7683940643 4.9570183933
852 4.7683940643 5.0167575665
853 4.7683940643 5.0288552637
854 4.7683940643 5.0357511525
855 4.7683940643 5.0830130836
856 4.7683940643 5.0385691169
857 4.7683940643 4.9961263862
858 4.7683940643 5.0035123355
859 4.7683940643 4.9573089835
860 4.7683940643 4.9764669490
861 4.7683940643 5.1104865276
862 4.7683940643 5.0666408940
863 4.7683940643 5.0288985536
864 4.7683940643 4.9869173879
865 4.7683940643 5.0309714075
866 4.7683940643 4.9708597068
867 4.7683940643 4.9575740183
868 4.7683940643 4.9815522961
869 4.7683940643 4.9350144084
870 4.7683940643 4.9156881086
871 4.7683940643 4.9739891048
872 4.7683940643 4.9813562451
873 4.7683940643 5.0303940662
874 4.7683940643 5.0274109601
875 4.7683940643 5.0730396847
876 4.7683940643 5.0539178526
877 4.7683940643 5.0454839164
878 4.7683940643 4.9982213447
879 4.7683940643 5.0332129053
880 4.7683940643 5.0298328841
881 4.7683940643 5.0054587364
882 4.7683940643 5.0081296138
883 4.7683940643 4.9634281217
884 4.7683940643 4.9834520477
885 4.7683940643 5.0091868956
886 4.7683940643 5.0049949514
887 4.7683940643 5.0415950003
888 4.7683940643 5.0317280809
889 4.7683940643 5.0209512742
890 4.7683940643 5.0371080050
891 4.7683940643 4.9779594125
892 4.7683940643 5.0208319177
893 4.7683940643 4.9701461928
894 4.7683940643 5.0342685851
895 4.7683940643 4.9957200154
896 4.7683940643 5.0731450129
897 4.7683940643 5.0818178204
898 4.7683940643 5.1515282995
899 4.7683940643 5.1425427397
900 4.7683940643 5.1098981471
901 4.7683940643 5.0250472953
902 4.7683940643 4.9817355158
903 4.7683940643 5.0276749918
904 4.7683940643 5.0421093112
905 4.7683940643 4.9843928492
906 4.7683940643 4.9582653288
907 4.7683940643 4.9926805133
908 4.7683940643 5.0336155689
909 4.7683940643 4.9584352056
910 4.7683940643 4.9173913190
911 4.7683940643 4.9811464682
912 4.7683940643 4.9619051288
913 4.7683940643 4.9495848488
914 4.7683940643 4.9194300261
915 4.7683940643 4.9366095580
916 4.7683940643 4.9735571169
917 4.7683940643 5.0516413988
918 4.7683940643 5.0470297402
919 4.7683940643 4.9708999080
920 4.7683940643 4.9741075620
921 4.7683940643 4.8984034797
922 4.7683940643 4.9162164813
923 4.7683940643 4.9844129325
924 4.7683940643 4.9703828657
925 4.7683940643 5.0662605171
926 4.7683940643 5.0629227915
927 4.7683940643 5.0686087726
928 4.7683940643 4.9985262287
929 4.7683940643 5.0745217433
930 4.7683940643 5.0390222051
931 4.7683940643 5.0180579307
932 4.7683940643 4.9616476997
933 4.7683940643 5.0054884996
934 4.7683940643 4.9969460257
935 4.7683940643 4.9898699370
936 4.7683940643 4.9508666134
937 4.7683940643 5.0443598708
938 4.7683940643 4.9841843105
939 4.7683940643 4.9422852249
940 4.7683940643 5.0405990700
941 4.7683940643 5.0557330931
942 4.7683940643 5.0573066673
943 4.7683940643 4.9933662177
944 4.7683940643 4.9030134162
945 4.7683940643 4.9068705278
946 4.7683940643 4.9884430722
947 4.7683940643 5.0024658429
948 4.7683940643 5.0015309226
949 4.7683940643 4.9509965668
950 4.7683940643 4.9308585229
951 4.7683940643 4.9176277140
952 4.7683940643 4.9082590631
953 4.7683940643 4.9964114590
954 4.7683940643 4.9965469426
955 4.7683940643 5.0460821094
956 4.7683940643 5.0395602563
957 4.7683940643 5.0350574267
958 4.7683940643 5.0252361047
959 4.7683940643 5.0495952887
960 4.7683940643 5.0749849214
961 4.7683940643 5.0639167585
962 4.7683940643 5.0747980777
963 4.7683940643 4.9703517930
964 4.7683940643 4.9538279474
965 4.7683940643 4.9392587479
966 4.7683940643 4.9467519591
967 4.7683940643 4.9958634376
968 4.7683940643 4.9955239153
969 4.7683940643 5.0640533127
970 4.7683940643 5.0176090706
971 4.7683940643 5.0249090429
972 4.7683940643 4.9924934549
973 4.7683940643 5.0553419710
974 4.7683940643 5.0186375421
975 4.7683940643 4.9468351639
976 4.7683940643 4.9716498446
977 4.7683940643 4.9832659006
978 4.7683940643 5.0003243706
979 4.7683940643 5.0091904406
980 4.7683940643 5.0612918908
981 4.7683940643 5.0111831533
982 4.7683940643 4.9682810828
983 4.7683940643 4.9742584501
984 4.7683940643 5.0723242634
985 4.7683940643 5.0079932140
986 4.7683940643 4.9700282957
987 4.7683940643 4.9999299923
988 4.7683940643 5.0691081143
989 4.7683940643 5.1028734151
990 4.7683940643 4.9898655398
991 4.7683940643 5.0458472991
992 4.7683940643 4.9622942751
993 4.7683940643 5.0198974577
994 4.7683940643 4.9390445544
995 4.7683940643 5.0031041526
996 4.7683940643 5.0488417138
997 4.7683940643 5.0659473068
998 4.7683940643 5.0304964561
999 4.7683940643 5.0315923983
1000 4.7683940643 5.0862553306
